# Created by Octave 4.2.2, Mon Mar 11 02:46:46 2019 -03 <leandro@aBitOfHell>
# name: constraints
# type: matrix
# rows: 128
# columns: 5
 1 1 1 1 1
 1 7 2 1 1
 1 7 2 1 2
 1 7 2 1 3
 1 7 2 1 4
 1 7 3 1 1
 1 7 3 1 2
 1 7 3 1 3
 1 7 3 1 4
 1 7 4 1 1
 1 7 4 1 2
 1 1 3 1 3
 1 7 4 1 3
 1 7 4 1 4
 1 8 1 1 1
 1 8 1 1 2
 1 8 1 1 3
 1 8 1 1 4
 1 8 2 1 1
 1 8 2 1 2
 1 8 2 1 3
 1 8 2 1 4
 1 1 3 1 4
 1 8 3 1 1
 1 8 3 1 2
 1 8 3 1 3
 1 8 3 1 4
 1 8 4 1 1
 1 8 4 1 2
 1 8 4 1 3
 1 8 4 1 4
 1 1 4 1 1
 1 1 4 1 2
 1 1 4 1 3
 1 1 4 1 4
 1 2 1 1 1
 1 2 1 1 2
 1 2 1 1 3
 1 2 1 1 4
 1 1 1 1 2
 1 2 2 1 1
 1 2 2 1 2
 1 2 2 1 3
 1 2 2 1 4
 1 2 3 1 1
 1 2 3 1 2
 1 2 3 1 3
 1 2 3 1 4
 1 2 4 1 1
 1 2 4 1 2
 1 1 1 1 3
 1 2 4 1 3
 1 2 4 1 4
 1 3 1 1 1
 1 3 1 1 2
 1 3 1 1 3
 1 3 1 1 4
 1 3 2 1 1
 1 3 2 1 2
 1 3 2 1 3
 1 3 2 1 4
 1 1 1 1 4
 1 3 3 1 1
 1 3 3 1 2
 1 3 3 1 3
 1 3 3 1 4
 1 3 4 1 1
 1 3 4 1 2
 1 3 4 1 3
 1 3 4 1 4
 1 4 1 1 1
 1 4 1 1 2
 1 1 2 1 1
 1 4 1 1 3
 1 4 1 1 4
 1 4 2 1 1
 1 4 2 1 2
 1 4 2 1 3
 1 4 2 1 4
 1 4 3 1 1
 1 4 3 1 2
 1 4 3 1 3
 1 4 3 1 4
 1 1 2 1 2
 1 4 4 1 1
 1 4 4 1 2
 1 4 4 1 3
 1 4 4 1 4
 1 5 1 1 1
 1 5 1 1 2
 1 5 1 1 3
 1 5 1 1 4
 1 5 2 1 1
 1 5 2 1 2
 1 1 2 1 3
 1 5 2 1 3
 1 5 2 1 4
 1 5 3 1 1
 1 5 3 1 2
 1 5 3 1 3
 1 5 3 1 4
 1 5 4 1 1
 1 5 4 1 2
 1 5 4 1 3
 1 5 4 1 4
 1 1 2 1 4
 1 6 1 1 1
 1 6 1 1 2
 1 6 1 1 3
 1 6 1 1 4
 1 6 2 1 1
 1 6 2 1 2
 1 6 2 1 3
 1 6 2 1 4
 1 6 3 1 1
 1 6 3 1 2
 1 1 3 1 1
 1 6 3 1 3
 1 6 3 1 4
 1 6 4 1 1
 1 6 4 1 2
 1 6 4 1 3
 1 6 4 1 4
 1 7 1 1 1
 1 7 1 1 2
 1 7 1 1 3
 1 7 1 1 4
 1 1 3 1 2


# name: metrics
# type: matrix
# rows: 128
# columns: 6
 398 2804 2841 5318 3200 0
 235 2894 2838 5485 3200 0
 235 7520 5992 13950 3200 0
 235 7520 5992 13950 3200 0
 235 7520 5992 13950 3200 0
 235 2894 2838 5485 3200 0
 235 7520 5992 13950 3200 0
 235 7520 5992 13950 3200 0
 235 7520 5992 13950 3200 0
 235 2894 2838 5485 3200 0
 235 7520 5992 13950 3200 0
 397 2789 2841 5277 3200 0
 235 7520 5992 13950 3200 0
 235 7520 5992 13950 3200 0
 236 2953 2838 5613 3200 0
 235 7519 5967 13957 3200 0
 235 7519 5967 13957 3200 0
 235 7519 5967 13957 3200 0
 235 2894 2838 5485 3200 0
 235 7507 5967 13925 3200 0
 235 7507 5967 13925 3200 0
 235 7507 5967 13925 3200 0
 397 2789 2841 5277 3200 0
 235 2894 2838 5485 3200 0
 235 7507 5967 13925 3200 0
 235 7507 5967 13925 3200 0
 235 7507 5967 13925 3200 0
 235 2894 2838 5485 3200 0
 235 7507 5967 13925 3200 0
 235 7507 5967 13925 3200 0
 235 7507 5967 13925 3200 0
 397 2789 2841 5277 3200 0
 397 2789 2841 5277 3200 0
 397 2789 2841 5277 3200 0
 397 2789 2841 5277 3200 0
 237 2955 2870 5608 3200 0
 239 7539 5963 14000 3200 0
 239 7539 5963 14000 3200 0
 239 7539 5963 14000 3200 0
 398 2804 2841 5318 3200 0
 236 2916 2863 5532 3200 0
 237 7592 6005 14091 3200 0
 237 7592 6005 14091 3200 0
 237 7592 6005 14091 3200 0
 236 2916 2863 5532 3200 0
 237 7576 6005 14059 3200 0
 237 7576 6005 14059 3200 0
 237 7576 6005 14059 3200 0
 236 2916 2863 5532 3200 0
 237 7576 6005 14059 3200 0
 398 2804 2841 5318 3200 0
 237 7576 6005 14059 3200 0
 237 7576 6005 14059 3200 0
 236 2957 2870 5611 3200 0
 237 6331 5625 11891 3200 0
 237 6331 5625 11891 3200 0
 237 6331 5625 11891 3200 0
 235 2910 2862 5516 3200 0
 236 7571 5995 14050 3200 0
 236 7571 5995 14050 3200 0
 236 7571 5995 14050 3200 0
 398 2804 2841 5318 3200 0
 235 2910 2862 5516 3200 0
 236 6307 5616 11844 3200 0
 236 6307 5616 11844 3200 0
 236 6307 5616 11844 3200 0
 235 2910 2862 5516 3200 0
 236 6307 5616 11844 3200 0
 236 6307 5616 11844 3200 0
 236 6307 5616 11844 3200 0
 236 2955 2839 5617 3200 0
 237 6328 5593 11897 3200 0
 397 2789 2841 5277 3200 0
 237 6328 5593 11897 3200 0
 237 6328 5593 11897 3200 0
 235 2900 2838 5497 3200 0
 236 6309 5616 11850 3200 0
 236 6309 5616 11850 3200 0
 236 6309 5616 11850 3200 0
 235 2900 2838 5497 3200 0
 236 6309 5616 11850 3200 0
 236 6309 5616 11850 3200 0
 236 6309 5616 11850 3200 0
 397 2789 2841 5277 3200 0
 235 2900 2838 5497 3200 0
 236 6309 5616 11850 3200 0
 236 6309 5616 11850 3200 0
 236 6309 5616 11850 3200 0
 236 2957 2839 5620 3200 0
 235 7528 6000 13964 3200 0
 235 7528 6000 13964 3200 0
 235 7528 6000 13964 3200 0
 235 2898 2838 5492 3200 0
 235 7523 5993 13957 3200 0
 397 2789 2841 5277 3200 0
 235 7523 5993 13957 3200 0
 235 7523 5993 13957 3200 0
 235 2898 2838 5492 3200 0
 235 7523 5993 13957 3200 0
 235 7523 5993 13957 3200 0
 235 7523 5993 13957 3200 0
 235 2898 2838 5492 3200 0
 235 7523 5993 13957 3200 0
 235 7523 5993 13957 3200 0
 235 7523 5993 13957 3200 0
 397 2789 2841 5277 3200 0
 236 2953 2838 5613 3200 0
 235 7525 5999 13957 3200 0
 235 7525 5999 13957 3200 0
 235 7525 5999 13957 3200 0
 235 2894 2838 5485 3200 0
 235 7520 5992 13950 3200 0
 235 7520 5992 13950 3200 0
 235 7520 5992 13950 3200 0
 235 2894 2838 5485 3200 0
 235 7520 5992 13950 3200 0
 397 2789 2841 5277 3200 0
 235 7520 5992 13950 3200 0
 235 7520 5992 13950 3200 0
 235 2894 2838 5485 3200 0
 235 7520 5992 13950 3200 0
 235 7520 5992 13950 3200 0
 235 7520 5992 13950 3200 0
 236 2953 2838 5613 3200 0
 235 7525 5999 13957 3200 0
 235 7525 5999 13957 3200 0
 235 7525 5999 13957 3200 0
 397 2789 2841 5277 3200 0


# name: configFiles
# type: cell
# rows: 1
# columns: 128
# name: <cell-element>
# type: sq_string
# elements: 1
# length: 45
./loops_out/loop0/out.config0.tcl/config0.tcl



# name: <cell-element>
# type: sq_string
# elements: 1
# length: 49
./loops_out/loop0/out.config100.tcl/config100.tcl



# name: <cell-element>
# type: sq_string
# elements: 1
# length: 49
./loops_out/loop0/out.config101.tcl/config101.tcl



# name: <cell-element>
# type: sq_string
# elements: 1
# length: 49
./loops_out/loop0/out.config102.tcl/config102.tcl



# name: <cell-element>
# type: sq_string
# elements: 1
# length: 49
./loops_out/loop0/out.config103.tcl/config103.tcl



# name: <cell-element>
# type: sq_string
# elements: 1
# length: 49
./loops_out/loop0/out.config104.tcl/config104.tcl



# name: <cell-element>
# type: sq_string
# elements: 1
# length: 49
./loops_out/loop0/out.config105.tcl/config105.tcl



# name: <cell-element>
# type: sq_string
# elements: 1
# length: 49
./loops_out/loop0/out.config106.tcl/config106.tcl



# name: <cell-element>
# type: sq_string
# elements: 1
# length: 49
./loops_out/loop0/out.config107.tcl/config107.tcl



# name: <cell-element>
# type: sq_string
# elements: 1
# length: 49
./loops_out/loop0/out.config108.tcl/config108.tcl



# name: <cell-element>
# type: sq_string
# elements: 1
# length: 49
./loops_out/loop0/out.config109.tcl/config109.tcl



# name: <cell-element>
# type: sq_string
# elements: 1
# length: 47
./loops_out/loop0/out.config10.tcl/config10.tcl



# name: <cell-element>
# type: sq_string
# elements: 1
# length: 49
./loops_out/loop0/out.config110.tcl/config110.tcl



# name: <cell-element>
# type: sq_string
# elements: 1
# length: 49
./loops_out/loop0/out.config111.tcl/config111.tcl



# name: <cell-element>
# type: sq_string
# elements: 1
# length: 49
./loops_out/loop0/out.config112.tcl/config112.tcl



# name: <cell-element>
# type: sq_string
# elements: 1
# length: 49
./loops_out/loop0/out.config113.tcl/config113.tcl



# name: <cell-element>
# type: sq_string
# elements: 1
# length: 49
./loops_out/loop0/out.config114.tcl/config114.tcl



# name: <cell-element>
# type: sq_string
# elements: 1
# length: 49
./loops_out/loop0/out.config115.tcl/config115.tcl



# name: <cell-element>
# type: sq_string
# elements: 1
# length: 49
./loops_out/loop0/out.config116.tcl/config116.tcl



# name: <cell-element>
# type: sq_string
# elements: 1
# length: 49
./loops_out/loop0/out.config117.tcl/config117.tcl



# name: <cell-element>
# type: sq_string
# elements: 1
# length: 49
./loops_out/loop0/out.config118.tcl/config118.tcl



# name: <cell-element>
# type: sq_string
# elements: 1
# length: 49
./loops_out/loop0/out.config119.tcl/config119.tcl



# name: <cell-element>
# type: sq_string
# elements: 1
# length: 47
./loops_out/loop0/out.config11.tcl/config11.tcl



