# Created by Octave 4.2.2, Sun Oct 13 21:39:42 2019 CEST <leandro@aBitOfHell>
# name: constraints
# type: matrix
# rows: 166
# columns: 5
 1 1 1 1 1
 13 1 1 5 1
 13 1 1 6 1
 13 1 1 7 1
 13 1 1 8 1
 14 1 1 1 1
 14 1 1 2 1
 14 1 1 3 1
 14 1 1 4 1
 14 1 1 5 1
 14 1 1 6 1
 2 1 1 3 1
 14 1 1 7 1
 14 1 1 8 1
 15 1 1 1 1
 15 1 1 2 1
 15 1 1 3 1
 15 1 1 4 1
 15 1 1 5 1
 15 1 1 6 1
 15 1 1 7 1
 15 1 1 8 1
 2 1 1 4 1
 16 1 1 1 1
 16 1 1 2 1
 16 1 1 3 1
 16 1 1 4 1
 16 1 1 5 1
 16 1 1 6 1
 16 1 1 7 1
 16 1 1 8 1
 17 1 1 1 1
 17 1 1 2 1
 2 1 1 5 1
 17 1 1 3 1
 17 1 1 4 1
 17 1 1 5 1
 17 1 1 6 1
 17 1 1 7 1
 17 1 1 8 1
 18 1 1 1 1
 18 1 1 2 1
 18 1 1 3 1
 18 1 1 4 1
 2 1 1 6 1
 18 1 1 5 1
 18 1 1 6 1
 18 1 1 7 1
 18 1 1 8 1
 19 1 1 1 1
 19 1 1 2 1
 19 1 1 3 1
 19 1 1 4 1
 19 1 1 5 1
 19 1 1 6 1
 19 1 1 7 1
 19 1 1 8 1
 20 1 1 1 1
 20 1 1 2 1
 20 1 1 3 1
 20 1 1 4 1
 20 1 1 5 1
 20 1 1 6 1
 20 1 1 7 1
 20 1 1 8 1
 2 1 1 8 1
 21 1 1 1 1
 21 1 1 2 1
 21 1 1 3 1
 21 1 1 4 1
 21 1 1 5 1
 21 1 1 6 1
 21 1 1 7 1
 21 1 1 8 1
 3 1 1 1 1
 3 1 1 2 1
 3 1 1 3 1
 3 1 1 4 1
 1 1 1 2 1
 3 1 1 5 1
 3 1 1 6 1
 3 1 1 7 1
 3 1 1 8 1
 4 1 1 1 1
 4 1 1 2 1
 4 1 1 3 1
 4 1 1 4 1
 4 1 1 5 1
 4 1 1 6 1
 1 1 1 3 1
 4 1 1 7 1
 4 1 1 8 1
 5 1 1 1 1
 5 1 1 2 1
 5 1 1 3 1
 5 1 1 4 1
 5 1 1 5 1
 5 1 1 6 1
 5 1 1 7 1
 5 1 1 8 1
 1 1 1 4 1
 6 1 1 1 1
 6 1 1 2 1
 6 1 1 3 1
 6 1 1 4 1
 6 1 1 5 1
 6 1 1 6 1
 6 1 1 7 1
 6 1 1 8 1
 7 1 1 1 1
 7 1 1 2 1
 1 1 1 5 1
 7 1 1 3 1
 7 1 1 4 1
 7 1 1 6 1
 7 1 1 7 1
 7 1 1 8 1
 8 1 1 1 1
 8 1 1 2 1
 8 1 1 3 1
 8 1 1 4 1
 1 1 1 6 1
 8 1 1 5 1
 8 1 1 6 1
 8 1 1 7 1
 8 1 1 8 1
 9 1 1 1 1
 9 1 1 2 1
 9 1 1 3 1
 9 1 1 4 1
 9 1 1 5 1
 9 1 1 6 1
 1 1 1 7 1
 9 1 1 7 1
 9 1 1 8 1
 10 1 1 1 1
 10 1 1 2 1
 10 1 1 3 1
 10 1 1 4 1
 10 1 1 5 1
 10 1 1 6 1
 10 1 1 7 1
 10 1 1 8 1
 1 1 1 8 1
 11 1 1 1 1
 11 1 1 2 1
 11 1 1 3 1
 11 1 1 4 1
 11 1 1 5 1
 11 1 1 6 1
 11 1 1 7 1
 11 1 1 8 1
 12 1 1 1 1
 12 1 1 2 1
 2 1 1 1 1
 12 1 1 3 1
 12 1 1 4 1
 12 1 1 5 1
 12 1 1 6 1
 12 1 1 7 1
 12 1 1 8 1
 13 1 1 1 1
 13 1 1 2 1
 13 1 1 3 1
 13 1 1 4 1
 2 1 1 2 1


# name: metrics
# type: matrix
# rows: 166
# columns: 6
 1298 1938 2145 3239 0 0
 1288 4348 4806 7643 0 0
 1288 4359 4841 7650 0 0
 1288 4387 4933 7639 0 0
 1288 4341 4783 7647 0 0
 1291 3406 3741 5868 0 0
 1288 4352 4815 7616 0 0
 1288 4350 4820 7635 0 0
 1288 4352 4813 7642 0 0
 1288 4341 4792 7643 0 0
 1288 4361 4851 7647 0 0
 1292 2478 2786 4177 0 0
 1288 4347 4816 7639 0 0
 1288 4339 4769 7637 0 0
 1291 3411 3792 5859 0 0
 1288 4346 4791 7616 0 0
 1288 4358 4833 7635 0 0
 1288 4355 4853 7643 0 0
 1288 4351 4810 7637 0 0
 1288 4384 4891 7640 0 0
 1288 4357 4839 7641 0 0
 1288 4339 4769 7637 0 0
 1292 2410 2679 4119 0 0
 1291 3394 3709 5868 0 0
 1288 4336 4782 7616 0 0
 1288 4368 4863 7635 0 0
 1288 4355 4837 7643 0 0
 1288 4344 4799 7643 0 0
 1288 4374 4877 7642 0 0
 1288 4348 4798 7641 0 0
 1288 4350 4815 7644 0 0
 1291 3417 3780 5868 0 0
 1288 4333 4778 7616 0 0
 1292 2426 2749 4119 0 0
 1288 4352 4835 7635 0 0
 1288 4357 4846 7642 0 0
 1288 4356 4844 7642 0 0
 1288 4325 4744 7643 0 0
 1288 4333 4770 7641 0 0
 1288 4365 4845 7637 0 0
 1291 3429 3820 5868 0 0
 1288 4350 4809 7616 0 0
 1288 4356 4839 7635 0 0
 1288 4356 4825 7644 0 0
 1292 2427 2768 4120 0 0
 1288 4355 4815 7643 0 0
 1288 4354 4826 7642 0 0
 1288 4339 4769 7637 0 0
 1288 4365 4845 7637 0 0
 1291 3422 3820 5868 0 0
 1288 4346 4791 7616 0 0
 1288 4351 4818 7635 0 0
 1288 4365 4838 7642 0 0
 1288 4392 4917 7642 0 0
 1288 4390 4913 7649 0 0
 1288 4378 4885 7638 0 0
 1288 4383 4908 7646 0 0
 1291 3400 3752 5868 0 0
 1288 4352 4815 7616 0 0
 1288 4366 4866 7635 0 0
 1288 4354 4817 7642 0 0
 1288 4357 4816 7643 0 0
 1288 4373 4876 7647 0 0
 1288 4360 4851 7642 0 0
 1288 4365 4845 7637 0 0
 1292 2457 2761 4132 0 0
 1291 3393 3714 5868 0 0
 1288 4346 4791 7616 0 0
 1288 4364 4854 7635 0 0
 1288 4381 4916 7642 0 0
 1288 4365 4856 7643 0 0
 1288 4392 4905 7646 0 0
 1288 4367 4871 7648 0 0
 1288 4369 4870 7644 0 0
 1291 2930 3303 4983 0 0
 1290 2943 3288 5041 0 0
 1290 2935 3321 5009 0 0
 1290 2905 3264 5015 0 0
 1298 1963 2140 3298 0 0
 1290 2938 3320 5014 0 0
 1290 2898 3249 4990 0 0
 1290 2917 3243 5028 0 0
 1290 2889 3215 4995 0 0
 1291 3406 3742 5868 0 0
 1288 3432 3881 5806 0 0
 1288 3428 3921 5819 0 0
 1288 3459 3922 5848 0 0
 1288 3456 3932 5837 0 0
 1288 3461 3939 5837 0 0
 1298 1976 2192 3298 0 0
 1288 3449 3921 5850 0 0
 1288 3427 3878 5830 0 0
 1291 3392 3712 5868 0 0
 1288 3868 4270 6715 0 0
 1288 3886 4354 6729 0 0
 1288 3885 4321 6735 0 0
 1288 3878 4301 6747 0 0
 1288 3884 4316 6741 0 0
 1288 3888 4303 6749 0 0
 1288 3881 4337 6738 0 0
 1298 1969 2188 3303 0 0
 1291 3400 3753 5868 0 0
 1288 4319 4748 7609 0 0
 1288 4365 4852 7635 0 0
 1288 4349 4833 7643 0 0
 1288 4351 4828 7643 0 0
 1288 4346 4796 7642 0 0
 1288 4361 4833 7649 0 0
 1288 4369 4856 7644 0 0
 1291 3413 3775 5868 0 0
 1288 4349 4809 7616 0 0
 1298 1955 2140 3282 0 0
 1288 4333 4781 7636 0 0
 1288 4363 4852 7643 0 0
 1288 4372 4875 7642 0 0
 1288 4368 4858 7648 0 0
 1288 4367 4848 7644 0 0
 1291 3401 3720 5868 0 0
 1288 4346 4791 7616 0 0
 1288 4362 4856 7635 0 0
 1288 4356 4825 7644 0 0
 1298 1968 2165 3302 0 0
 1288 4364 4852 7643 0 0
 1288 4384 4905 7649 0 0
 1288 4358 4832 7649 0 0
 1288 4370 4889 7644 0 0
 1291 3406 3742 5868 0 0
 1288 4346 4791 7616 0 0
 1288 4375 4868 7635 0 0
 1288 4380 4887 7642 0 0
 1288 4381 4881 7642 0 0
 1288 4356 4832 7643 0 0
 1298 1976 2157 3306 0 0
 1288 4354 4831 7641 0 0
 1288 4349 4810 7645 0 0
 1291 3401 3720 5868 0 0
 1288 4319 4748 7609 0 0
 1288 4338 4793 7636 0 0
 1288 4363 4837 7637 0 0
 1288 4360 4843 7643 0 0
 1288 4327 4752 7636 0 0
 1288 4354 4828 7646 0 0
 1288 4354 4798 7646 0 0
 1298 1944 2117 3284 0 0
 1291 3402 3722 5868 0 0
 1288 4352 4815 7616 0 0
 1288 4377 4897 7635 0 0
 1288 4352 4813 7642 0 0
 1288 4378 4881 7642 0 0
 1288 4398 4935 7642 0 0
 1288 4371 4876 7635 0 0
 1288 4347 4808 7637 0 0
 1291 3394 3709 5868 0 0
 1288 4329 4769 7616 0 0
 1292 2467 2741 4151 0 0
 1288 4352 4819 7636 0 0
 1288 4372 4869 7642 0 0
 1288 4360 4829 7642 0 0
 1288 4347 4801 7642 0 0
 1288 4368 4856 7649 0 0
 1288 4337 4782 7644 0 0
 1291 3401 3720 5868 0 0
 1288 4319 4748 7609 0 0
 1288 4349 4830 7636 0 0
 1288 4365 4838 7643 0 0
 1292 2439 2731 4138 0 0


# name: configFiles
# type: cell
# rows: 1
# columns: 166
# name: <cell-element>
# type: sq_string
# elements: 1
# length: 45
./loops_out/loop0/out.config0.tcl/config0.tcl



# name: <cell-element>
# type: sq_string
# elements: 1
# length: 49
./loops_out/loop0/out.config100.tcl/config100.tcl



# name: <cell-element>
# type: sq_string
# elements: 1
# length: 49
./loops_out/loop0/out.config101.tcl/config101.tcl



# name: <cell-element>
# type: sq_string
# elements: 1
# length: 49
./loops_out/loop0/out.config102.tcl/config102.tcl



# name: <cell-element>
# type: sq_string
# elements: 1
# length: 49
./loops_out/loop0/out.config103.tcl/config103.tcl



# name: <cell-element>
# type: sq_string
# elements: 1
# length: 49
./loops_out/loop0/out.config104.tcl/config104.tcl



# name: <cell-element>
# type: sq_string
# elements: 1
# length: 49
./loops_out/loop0/out.config105.tcl/config105.tcl



# name: <cell-element>
# type: sq_string
# elements: 1
# length: 49
./loops_out/loop0/out.config106.tcl/config106.tcl



# name: <cell-element>
# type: sq_string
# elements: 1
# length: 49
./loops_out/loop0/out.config107.tcl/config107.tcl



# name: <cell-element>
# type: sq_string
# elements: 1
# length: 49
./loops_out/loop0/out.config108.tcl/config108.tcl



# name: <cell-element>
# type: sq_string
# elements: 1
# length: 49
./loops_out/loop0/out.config109.tcl/config109.tcl



# name: <cell-element>
# type: sq_string
# elements: 1
# length: 47
./loops_out/loop0/out.config10.tcl/config10.tcl



# name: <cell-element>
# type: sq_string
# elements: 1
# length: 49
./loops_out/loop0/out.config110.tcl/config110.tcl



