# Created by Octave 4.2.2, Sun Oct 13 19:44:31 2019 CEST <leandro@aBitOfHell>
# name: constraints
# type: matrix
# rows: 128
# columns: 5
 1 1 1 1 1
 1 7 2 1 1
 1 7 2 1 2
 1 7 2 1 3
 1 7 2 1 4
 1 7 3 1 1
 1 7 3 1 2
 1 7 3 1 3
 1 7 3 1 4
 1 7 4 1 1
 1 7 4 1 2
 1 1 3 1 3
 1 7 4 1 3
 1 7 4 1 4
 1 8 1 1 1
 1 8 1 1 2
 1 8 1 1 3
 1 8 1 1 4
 1 8 2 1 1
 1 8 2 1 2
 1 8 2 1 3
 1 8 2 1 4
 1 1 3 1 4
 1 8 3 1 1
 1 8 3 1 2
 1 8 3 1 3
 1 8 3 1 4
 1 8 4 1 1
 1 8 4 1 2
 1 8 4 1 3
 1 8 4 1 4
 1 1 4 1 1
 1 1 4 1 2
 1 1 4 1 3
 1 1 4 1 4
 1 2 1 1 1
 1 2 1 1 2
 1 2 1 1 3
 1 2 1 1 4
 1 1 1 1 2
 1 2 2 1 1
 1 2 2 1 2
 1 2 2 1 3
 1 2 2 1 4
 1 2 3 1 1
 1 2 3 1 2
 1 2 3 1 3
 1 2 3 1 4
 1 2 4 1 1
 1 2 4 1 2
 1 1 1 1 3
 1 2 4 1 3
 1 2 4 1 4
 1 3 1 1 1
 1 3 1 1 2
 1 3 1 1 3
 1 3 1 1 4
 1 3 2 1 1
 1 3 2 1 2
 1 3 2 1 3
 1 3 2 1 4
 1 1 1 1 4
 1 3 3 1 1
 1 3 3 1 2
 1 3 3 1 3
 1 3 3 1 4
 1 3 4 1 1
 1 3 4 1 2
 1 3 4 1 3
 1 3 4 1 4
 1 4 1 1 1
 1 4 1 1 2
 1 1 2 1 1
 1 4 1 1 3
 1 4 1 1 4
 1 4 2 1 1
 1 4 2 1 2
 1 4 2 1 3
 1 4 2 1 4
 1 4 3 1 1
 1 4 3 1 2
 1 4 3 1 3
 1 4 3 1 4
 1 1 2 1 2
 1 4 4 1 1
 1 4 4 1 2
 1 4 4 1 3
 1 4 4 1 4
 1 5 1 1 1
 1 5 1 1 2
 1 5 1 1 3
 1 5 1 1 4
 1 5 2 1 1
 1 5 2 1 2
 1 1 2 1 3
 1 5 2 1 3
 1 5 2 1 4
 1 5 3 1 1
 1 5 3 1 2
 1 5 3 1 3
 1 5 3 1 4
 1 5 4 1 1
 1 5 4 1 2
 1 5 4 1 3
 1 5 4 1 4
 1 1 2 1 4
 1 6 1 1 1
 1 6 1 1 2
 1 6 1 1 3
 1 6 1 1 4
 1 6 2 1 1
 1 6 2 1 2
 1 6 2 1 3
 1 6 2 1 4
 1 6 3 1 1
 1 6 3 1 2
 1 1 3 1 1
 1 6 3 1 3
 1 6 3 1 4
 1 6 4 1 1
 1 6 4 1 2
 1 6 4 1 3
 1 6 4 1 4
 1 7 1 1 1
 1 7 1 1 2
 1 7 1 1 3
 1 7 1 1 4
 1 1 3 1 2


# name: metrics
# type: matrix
# rows: 128
# columns: 6
 397 2788 2858 5267 3200 0
 235 2906 2833 5506 3200 0
 235 6250 5587 11734 3200 0
 235 6250 5587 11734 3200 0
 235 6250 5587 11734 3200 0
 235 2902 2828 5500 3200 0
 232 6239 5578 11710 3200 0
 232 6239 5578 11710 3200 0
 232 6239 5578 11710 3200 0
 235 2902 2828 5500 3200 0
 232 6239 5578 11710 3200 0
 395 2757 2818 5205 3200 0
 232 6239 5578 11710 3200 0
 232 6239 5578 11710 3200 0
 235 2915 2833 5537 3200 0
 235 6269 5588 11781 3200 0
 235 6269 5588 11781 3200 0
 235 6269 5588 11781 3200 0
 235 2907 2835 5510 3200 0
 235 6250 5587 11734 3200 0
 235 6250 5587 11734 3200 0
 235 6250 5587 11734 3200 0
 395 2757 2818 5205 3200 0
 235 2900 2825 5498 3200 0
 232 6239 5578 11710 3200 0
 232 6239 5578 11710 3200 0
 232 6239 5578 11710 3200 0
 235 2900 2827 5496 3200 0
 232 6239 5578 11710 3200 0
 232 6239 5578 11710 3200 0
 232 6228 5580 11686 3200 0
 395 2757 2818 5205 3200 0
 395 2757 2818 5205 3200 0
 395 2757 2818 5205 3200 0
 395 2757 2818 5205 3200 0
 236 2933 2859 5559 3200 0
 234 7475 5952 13860 3200 0
 234 7475 5952 13860 3200 0
 234 7475 5952 13860 3200 0
 397 2788 2858 5267 3200 0
 234 2863 2853 5417 3200 0
 234 7460 5952 13820 3200 0
 234 7460 5952 13820 3200 0
 234 7460 5952 13820 3200 0
 236 2900 2852 5495 3200 0
 232 7459 5953 13822 3200 0
 232 7459 5953 13822 3200 0
 232 7459 5953 13822 3200 0
 236 2900 2852 5495 3200 0
 232 7459 5953 13822 3200 0
 397 2788 2858 5267 3200 0
 232 7459 5953 13822 3200 0
 232 7459 5953 13822 3200 0
 235 2915 2857 5523 3200 0
 235 6269 5583 11776 3200 0
 235 6269 5583 11776 3200 0
 235 6269 5583 11776 3200 0
 235 2914 2850 5523 3200 0
 235 6251 5582 11729 3200 0
 235 6251 5582 11729 3200 0
 235 6251 5582 11729 3200 0
 397 2788 2858 5267 3200 0
 235 2914 2850 5523 3200 0
 232 6240 5573 11705 3200 0
 232 6229 5579 11685 3200 0
 232 6240 5573 11705 3200 0
 235 2914 2850 5523 3200 0
 232 6240 5573 11705 3200 0
 232 6229 5579 11685 3200 0
 232 6240 5573 11705 3200 0
 235 2920 2863 5530 3200 0
 235 6269 5587 11780 3200 0
 396 2777 2852 5245 3200 0
 235 6269 5587 11780 3200 0
 235 6269 5587 11780 3200 0
 235 2919 2856 5530 3200 0
 235 6250 5586 11733 3200 0
 235 6250 5586 11733 3200 0
 235 6250 5586 11733 3200 0
 235 2899 2823 5491 3200 0
 232 6239 5577 11709 3200 0
 232 6239 5577 11709 3200 0
 232 6239 5577 11709 3200 0
 396 2764 2823 5220 3200 0
 235 2899 2823 5491 3200 0
 232 6228 5580 11685 3200 0
 232 6228 5580 11685 3200 0
 232 6228 5580 11685 3200 0
 235 2915 2831 5530 3200 0
 235 6269 5587 11780 3200 0
 235 6269 5587 11780 3200 0
 235 6269 5587 11780 3200 0
 235 2906 2831 5505 3200 0
 235 6250 5586 11733 3200 0
 396 2777 2852 5245 3200 0
 235 6250 5586 11733 3200 0
 235 6250 5586 11733 3200 0
 235 2899 2823 5491 3200 0
 232 6239 5577 11709 3200 0
 232 6239 5577 11709 3200 0
 232 6239 5577 11709 3200 0
 235 2899 2823 5491 3200 0
 232 6239 5577 11709 3200 0
 232 6239 5577 11709 3200 0
 232 6239 5577 11709 3200 0
 396 2764 2823 5220 3200 0
 235 2923 2868 5539 3200 0
 235 6271 5589 11785 3200 0
 235 6267 5586 11776 3200 0
 235 6271 5589 11785 3200 0
 235 2907 2833 5509 3200 0
 235 6252 5588 11738 3200 0
 235 6248 5585 11729 3200 0
 235 6248 5585 11729 3200 0
 235 2901 2826 5496 3200 0
 232 6241 5579 11714 3200 0
 395 2757 2818 5205 3200 0
 232 6237 5576 11705 3200 0
 232 6237 5576 11705 3200 0
 235 2897 2822 5487 3200 0
 232 6241 5579 11714 3200 0
 232 6241 5579 11714 3200 0
 232 6241 5579 11714 3200 0
 235 2921 2867 5535 3200 0
 235 6269 5588 11781 3200 0
 235 6269 5588 11781 3200 0
 235 6269 5588 11781 3200 0
 395 2757 2818 5205 3200 0


# name: configFiles
# type: cell
# rows: 1
# columns: 128
# name: <cell-element>
# type: sq_string
# elements: 1
# length: 45
./loops_out/loop0/out.config0.tcl/config0.tcl



# name: <cell-element>
# type: sq_string
# elements: 1
# length: 49
./loops_out/loop0/out.config100.tcl/config100.tcl



# name: <cell-element>
# type: sq_string
# elements: 1
# length: 49
./loops_out/loop0/out.config101.tcl/config101.tcl



# name: <cell-element>
# type: sq_string
# elements: 1
# length: 49
./loops_out/loop0/out.config102.tcl/config102.tcl



# name: <cell-element>
# type: sq_string
# elements: 1
# length: 49
./loops_out/loop0/out.config103.tcl/config103.tcl



# name: <cell-element>
# type: sq_string
# elements: 1
# length: 49
./loops_out/loop0/out.config104.tcl/config104.tcl



# name: <cell-element>
# type: sq_string
# elements: 1
# length: 49
./loops_out/loop0/out.config105.tcl/config105.tcl



# name: <cell-element>
# type: sq_string
# elements: 1
# length: 49
./loops_out/loop0/out.config106.tcl/config106.tcl



# name: <cell-element>
# type: sq_string
# elements: 1
# length: 49
./loops_out/loop0/out.config107.tcl/config107.tcl



# name: <cell-element>
# type: sq_string
# elements: 1
# length: 49
./loops_out/loop0/out.config108.tcl/config108.tcl



# name: <cell-element>
# type: sq_string
# elements: 1
# length: 49
./loops_out/loop0/out.config109.tcl/config109.tcl



# name: <cell-element>
# type: sq_string
# elements: 1
# length: 47
./loops_out/loop0/out.config10.tcl/config10.tcl



# name: <cell-element>
# type: sq_string
# elements: 1
# length: 49
./loops_out/loop0/out.config110.tcl/config110.tcl



# name: <cell-element>
# type: sq_string
# elements: 1
# length: 49
./loops_out/loop0/out.config111.tcl/config111.tcl



# name: <cell-element>
# type: sq_string
# elements: 1
# length: 49
./loops_out/loop0/out.config112.tcl/config112.tcl



# name: <cell-element>
# type: sq_string
# elements: 1
# length: 49
./loops_out/loop0/out.config113.tcl/config113.tcl



# name: <cell-element>
# type: sq_string
# elements: 1
# length: 49
./loops_out/loop0/out.config114.tcl/config114.tcl



# name: <cell-element>
# type: sq_string
# elements: 1
# length: 49
./loops_out/loop0/out.config115.tcl/config115.tcl



# name: <cell-element>
# type: sq_string
# elements: 1
# length: 49
./loops_out/loop0/out.config116.tcl/config116.tcl



# name: <cell-element>
# type: sq_string
# elements: 1
# length: 49
./loops_out/loop0/out.config117.tcl/config117.tcl



# name: <cell-element>
# type: sq_string
# elements: 1
# length: 49
./loops_out/loop0/out.config118.tcl/config118.tcl



# name: <cell-element>
# type: sq_string
# elements: 1
# length: 49
./loops_out/loop0/out.config119.tcl/config119.tcl



# name: <cell-element>
# type: sq_string
# elements: 1
# length: 47
./loops_out/loop0/out.config11.tcl/config11.tcl



