# Created by Octave 4.2.2, Tue Feb 05 06:40:00 2019 -02 <leandro@aBitOfHell>
# name: constraints
# type: matrix
# rows: 168
# columns: 5
 1 1 1 1 1
 13 1 1 5 1
 13 1 1 6 1
 13 1 1 7 1
 13 1 1 8 1
 14 1 1 1 1
 14 1 1 2 1
 14 1 1 3 1
 14 1 1 4 1
 14 1 1 5 1
 14 1 1 6 1
 2 1 1 3 1
 14 1 1 7 1
 14 1 1 8 1
 15 1 1 1 1
 15 1 1 2 1
 15 1 1 3 1
 15 1 1 4 1
 15 1 1 5 1
 15 1 1 6 1
 15 1 1 7 1
 15 1 1 8 1
 2 1 1 4 1
 16 1 1 1 1
 16 1 1 2 1
 16 1 1 3 1
 16 1 1 4 1
 16 1 1 5 1
 16 1 1 6 1
 16 1 1 7 1
 16 1 1 8 1
 17 1 1 1 1
 17 1 1 2 1
 2 1 1 5 1
 17 1 1 3 1
 17 1 1 4 1
 17 1 1 5 1
 17 1 1 6 1
 17 1 1 7 1
 17 1 1 8 1
 18 1 1 1 1
 18 1 1 2 1
 18 1 1 3 1
 18 1 1 4 1
 2 1 1 6 1
 18 1 1 5 1
 18 1 1 6 1
 18 1 1 7 1
 18 1 1 8 1
 19 1 1 1 1
 19 1 1 2 1
 19 1 1 3 1
 19 1 1 4 1
 19 1 1 5 1
 19 1 1 6 1
 2 1 1 7 1
 19 1 1 7 1
 19 1 1 8 1
 20 1 1 1 1
 20 1 1 2 1
 20 1 1 3 1
 20 1 1 4 1
 20 1 1 5 1
 20 1 1 6 1
 20 1 1 7 1
 20 1 1 8 1
 2 1 1 8 1
 21 1 1 1 1
 21 1 1 2 1
 21 1 1 3 1
 21 1 1 4 1
 21 1 1 5 1
 21 1 1 6 1
 21 1 1 7 1
 21 1 1 8 1
 3 1 1 1 1
 3 1 1 2 1
 3 1 1 3 1
 3 1 1 4 1
 1 1 1 2 1
 3 1 1 5 1
 3 1 1 6 1
 3 1 1 7 1
 3 1 1 8 1
 4 1 1 1 1
 4 1 1 2 1
 4 1 1 3 1
 4 1 1 4 1
 4 1 1 5 1
 4 1 1 6 1
 1 1 1 3 1
 4 1 1 7 1
 4 1 1 8 1
 5 1 1 1 1
 5 1 1 2 1
 5 1 1 3 1
 5 1 1 4 1
 5 1 1 5 1
 5 1 1 6 1
 5 1 1 7 1
 5 1 1 8 1
 1 1 1 4 1
 6 1 1 1 1
 6 1 1 2 1
 6 1 1 3 1
 6 1 1 4 1
 6 1 1 5 1
 6 1 1 6 1
 6 1 1 7 1
 6 1 1 8 1
 7 1 1 1 1
 7 1 1 2 1
 1 1 1 5 1
 7 1 1 3 1
 7 1 1 4 1
 7 1 1 5 1
 7 1 1 6 1
 7 1 1 7 1
 7 1 1 8 1
 8 1 1 1 1
 8 1 1 2 1
 8 1 1 3 1
 8 1 1 4 1
 1 1 1 6 1
 8 1 1 5 1
 8 1 1 6 1
 8 1 1 7 1
 8 1 1 8 1
 9 1 1 1 1
 9 1 1 2 1
 9 1 1 3 1
 9 1 1 4 1
 9 1 1 5 1
 9 1 1 6 1
 1 1 1 7 1
 9 1 1 7 1
 9 1 1 8 1
 10 1 1 1 1
 10 1 1 2 1
 10 1 1 3 1
 10 1 1 4 1
 10 1 1 5 1
 10 1 1 6 1
 10 1 1 7 1
 10 1 1 8 1
 1 1 1 8 1
 11 1 1 1 1
 11 1 1 2 1
 11 1 1 3 1
 11 1 1 4 1
 11 1 1 5 1
 11 1 1 6 1
 11 1 1 7 1
 11 1 1 8 1
 12 1 1 1 1
 12 1 1 2 1
 2 1 1 1 1
 12 1 1 3 1
 12 1 1 4 1
 12 1 1 5 1
 12 1 1 6 1
 12 1 1 7 1
 12 1 1 8 1
 13 1 1 1 1
 13 1 1 2 1
 13 1 1 3 1
 13 1 1 4 1
 2 1 1 2 1


# name: metrics
# type: matrix
# rows: 168
# columns: 6
 1372 2426 2190 4176 0 0
 1343 6088 6228 10966 0 0
 1343 6083 6214 10961 0 0
 1343 6066 6232 10933 0 0
 1314 5873 6212 10537 0 0
 1343 5986 6250 10746 0 0
 1343 6013 6308 10774 0 0
 1343 6073 6227 10923 0 0
 1343 6091 6245 10954 0 0
 1343 6088 6228 10966 0 0
 1343 6083 6214 10961 0 0
 1372 2914 2760 5046 0 0
 1343 6066 6232 10933 0 0
 1314 5873 6212 10537 0 0
 1343 5986 6250 10746 0 0
 1343 6013 6308 10774 0 0
 1343 6073 6227 10923 0 0
 1343 6091 6245 10954 0 0
 1343 6088 6228 10966 0 0
 1343 6083 6214 10961 0 0
 1343 6066 6232 10933 0 0
 1314 5873 6212 10537 0 0
 1372 2932 2766 5075 0 0
 1343 5986 6250 10746 0 0
 1343 6013 6308 10774 0 0
 1343 6073 6227 10923 0 0
 1343 6091 6245 10954 0 0
 1343 6088 6228 10966 0 0
 1343 6083 6214 10961 0 0
 1343 6066 6232 10933 0 0
 1314 5873 6212 10537 0 0
 1343 5986 6250 10746 0 0
 1343 6013 6308 10774 0 0
 1372 2939 2767 5085 0 0
 1343 6073 6227 10923 0 0
 1343 6091 6245 10954 0 0
 1343 6088 6228 10966 0 0
 1343 6083 6214 10961 0 0
 1343 6066 6232 10933 0 0
 1314 5873 6212 10537 0 0
 1343 5986 6250 10746 0 0
 1343 6013 6308 10774 0 0
 1343 6073 6227 10923 0 0
 1343 6091 6245 10954 0 0
 1372 2940 2757 5093 0 0
 1343 6088 6228 10966 0 0
 1343 6083 6214 10961 0 0
 1343 6066 6232 10933 0 0
 1314 5873 6212 10537 0 0
 1343 5986 6250 10746 0 0
 1343 6013 6308 10774 0 0
 1343 6073 6227 10923 0 0
 1343 6091 6245 10954 0 0
 1343 6088 6228 10966 0 0
 1343 6083 6214 10961 0 0
 1372 2921 2755 5056 0 0
 1343 6066 6232 10933 0 0
 1314 5873 6212 10537 0 0
 1343 5986 6250 10746 0 0
 1343 6013 6308 10774 0 0
 1343 6073 6227 10923 0 0
 1343 6091 6245 10954 0 0
 1343 6088 6228 10966 0 0
 1343 6083 6214 10961 0 0
 1343 6066 6232 10933 0 0
 1314 5873 6212 10537 0 0
 1343 2780 2701 4788 0 0
 1343 5986 6250 10746 0 0
 1343 6013 6308 10774 0 0
 1343 6073 6227 10923 0 0
 1343 6091 6245 10954 0 0
 1343 6088 6228 10966 0 0
 1343 6083 6214 10961 0 0
 1343 6066 6232 10933 0 0
 1314 5873 6212 10537 0 0
 1401 3510 3274 6216 0 0
 1401 3523 3271 6240 0 0
 1372 3406 3278 6011 0 0
 1372 3403 3270 6008 0 0
 1372 2443 2186 4212 0 0
 1372 3410 3271 6018 0 0
 1372 3410 3274 6014 0 0
 1372 3412 3272 6021 0 0
 1372 3402 3266 6006 0 0
 1372 3892 3923 6744 0 0
 1372 3897 3917 6773 0 0
 1372 3975 3950 6891 0 0
 1372 3982 3966 6890 0 0
 1372 3988 3966 6900 0 0
 1372 3997 4008 6894 0 0
 1372 2434 2227 4192 0 0
 1372 3978 3935 6901 0 0
 1343 3796 3909 6537 0 0
 1372 4299 4291 7634 0 0
 1372 4317 4293 7663 0 0
 1372 4294 4252 7653 0 0
 1372 4310 4254 7684 0 0
 1372 4337 4290 7694 0 0
 1372 4342 4305 7689 0 0
 1372 4344 4327 7663 0 0
 1343 4224 4337 7427 0 0
 1372 2443 2200 4221 0 0
 1372 4795 4817 8540 0 0
 1372 4804 4766 8570 0 0
 1372 4783 4766 8559 0 0
 1372 4811 4812 8590 0 0
 1372 4821 4795 8600 0 0
 1372 4820 4791 8595 0 0
 1372 4824 4840 8569 0 0
 1343 4687 4748 8333 0 0
 1372 5236 5349 9320 0 0
 1372 5265 5378 9350 0 0
 1372 2449 2201 4231 0 0
 1372 5314 5347 9467 0 0
 1372 5335 5360 9498 0 0
 1372 5322 5302 9508 0 0
 1372 5328 5325 9503 0 0
 1372 5304 5295 9477 0 0
 1343 5117 5280 9113 0 0
 1372 5576 5801 9936 0 0
 1372 5587 5795 9966 0 0
 1343 5603 5806 9990 0 0
 1343 5628 5833 10021 0 0
 1372 2447 2199 4228 0 0
 1343 5621 5788 10031 0 0
 1343 5604 5752 10026 0 0
 1343 5602 5781 10000 0 0
 1343 5446 5734 9729 0 0
 1343 5986 6250 10746 0 0
 1343 6013 6308 10774 0 0
 1343 6073 6227 10923 0 0
 1343 6091 6245 10954 0 0
 1343 6088 6228 10966 0 0
 1343 6083 6214 10961 0 0
 1372 2482 2279 4202 0 0
 1343 6066 6232 10933 0 0
 1314 5873 6212 10537 0 0
 1343 5986 6250 10746 0 0
 1343 6013 6308 10774 0 0
 1343 6073 6227 10923 0 0
 1343 6091 6245 10954 0 0
 1343 6088 6228 10966 0 0
 1343 6083 6214 10961 0 0
 1343 6066 6232 10933 0 0
 1314 5873 6212 10537 0 0
 1343 2320 2179 3966 0 0
 1343 5986 6250 10746 0 0
 1343 6013 6308 10774 0 0
 1343 6073 6227 10923 0 0
 1343 6091 6245 10954 0 0
 1343 6088 6228 10966 0 0
 1343 6083 6214 10961 0 0
 1343 6066 6232 10933 0 0
 1314 5873 6212 10537 0 0
 1343 5986 6250 10746 0 0
 1343 6013 6308 10774 0 0
 1372 2888 2723 4998 0 0
 1343 6073 6227 10923 0 0
 1343 6091 6245 10954 0 0
 1343 6088 6228 10966 0 0
 1343 6083 6214 10961 0 0
 1343 6066 6232 10933 0 0
 1314 5873 6212 10537 0 0
 1343 5986 6250 10746 0 0
 1343 6013 6308 10774 0 0
 1343 6073 6227 10923 0 0
 1343 6091 6245 10954 0 0
 1372 2928 2741 5065 0 0


# name: configFiles
# type: cell
# rows: 1
# columns: 168
# name: <cell-element>
# type: sq_string
# elements: 1
# length: 45
./loops_out/loop0/out.config0.tcl/config0.tcl



# name: <cell-element>
# type: sq_string
# elements: 1
# length: 49
./loops_out/loop0/out.config100.tcl/config100.tcl



# name: <cell-element>
# type: sq_string
# elements: 1
# length: 49
./loops_out/loop0/out.config101.tcl/config101.tcl



# name: <cell-element>
# type: sq_string
# elements: 1
# length: 49
./loops_out/loop0/out.config102.tcl/config102.tcl



# name: <cell-element>
# type: sq_string
# elements: 1
# length: 49
./loops_out/loop0/out.config103.tcl/config103.tcl



# name: <cell-element>
# type: sq_string
# elements: 1
# length: 49
./loops_out/loop0/out.config104.tcl/config104.tcl



# name: <cell-element>
# type: sq_string
# elements: 1
# length: 49
./loops_out/loop0/out.config105.tcl/config105.tcl



# name: <cell-element>
# type: sq_string
# elements: 1
# length: 49
./loops_out/loop0/out.config106.tcl/config106.tcl



# name: <cell-element>
# type: sq_string
# elements: 1
# length: 49
./loops_out/loop0/out.config107.tcl/config107.tcl



# name: <cell-element>
# type: sq_string
# elements: 1
# length: 49
./loops_out/loop0/out.config108.tcl/config108.tcl



# name: <cell-element>
# type: sq_string
# elements: 1
# length: 49
./loops_out/loop0/out.config109.tcl/config109.tcl



# name: <cell-element>
# type: sq_string
# elements: 1
# length: 47
./loops_out/loop0/out.config10.tcl/config10.tcl



