# Created by Octave 4.2.2, Mon Mar 11 06:30:21 2019 -03 <leandro@aBitOfHell>
# name: constraints
# type: matrix
# rows: 127
# columns: 5
 1 1 1 1 1
 1 7 2 1 1
 1 7 2 1 2
 1 7 2 1 3
 1 7 2 1 4
 1 7 3 1 1
 1 7 3 1 2
 1 7 3 1 3
 1 7 3 1 4
 1 7 4 1 1
 1 7 4 1 2
 1 1 3 1 3
 1 7 4 1 3
 1 7 4 1 4
 1 8 1 1 1
 1 8 1 1 2
 1 8 1 1 3
 1 8 1 1 4
 1 8 2 1 1
 1 8 2 1 2
 1 8 2 1 3
 1 1 3 1 4
 1 8 3 1 1
 1 8 3 1 2
 1 8 3 1 3
 1 8 3 1 4
 1 8 4 1 1
 1 8 4 1 2
 1 8 4 1 3
 1 8 4 1 4
 1 1 4 1 1
 1 1 4 1 2
 1 1 4 1 3
 1 1 4 1 4
 1 2 1 1 1
 1 2 1 1 2
 1 2 1 1 3
 1 2 1 1 4
 1 1 1 1 2
 1 2 2 1 1
 1 2 2 1 2
 1 2 2 1 3
 1 2 2 1 4
 1 2 3 1 1
 1 2 3 1 2
 1 2 3 1 3
 1 2 3 1 4
 1 2 4 1 1
 1 2 4 1 2
 1 1 1 1 3
 1 2 4 1 3
 1 2 4 1 4
 1 3 1 1 1
 1 3 1 1 2
 1 3 1 1 3
 1 3 1 1 4
 1 3 2 1 1
 1 3 2 1 2
 1 3 2 1 3
 1 3 2 1 4
 1 1 1 1 4
 1 3 3 1 1
 1 3 3 1 2
 1 3 3 1 3
 1 3 3 1 4
 1 3 4 1 1
 1 3 4 1 2
 1 3 4 1 3
 1 3 4 1 4
 1 4 1 1 1
 1 4 1 1 2
 1 1 2 1 1
 1 4 1 1 3
 1 4 1 1 4
 1 4 2 1 1
 1 4 2 1 2
 1 4 2 1 3
 1 4 2 1 4
 1 4 3 1 1
 1 4 3 1 2
 1 4 3 1 3
 1 4 3 1 4
 1 1 2 1 2
 1 4 4 1 1
 1 4 4 1 2
 1 4 4 1 3
 1 4 4 1 4
 1 5 1 1 1
 1 5 1 1 2
 1 5 1 1 3
 1 5 1 1 4
 1 5 2 1 1
 1 5 2 1 2
 1 1 2 1 3
 1 5 2 1 3
 1 5 2 1 4
 1 5 3 1 1
 1 5 3 1 2
 1 5 3 1 3
 1 5 3 1 4
 1 5 4 1 1
 1 5 4 1 2
 1 5 4 1 3
 1 5 4 1 4
 1 1 2 1 4
 1 6 1 1 1
 1 6 1 1 2
 1 6 1 1 3
 1 6 1 1 4
 1 6 2 1 1
 1 6 2 1 2
 1 6 2 1 3
 1 6 2 1 4
 1 6 3 1 1
 1 6 3 1 2
 1 1 3 1 1
 1 6 3 1 3
 1 6 3 1 4
 1 6 4 1 1
 1 6 4 1 2
 1 6 4 1 3
 1 6 4 1 4
 1 7 1 1 1
 1 7 1 1 2
 1 7 1 1 3
 1 7 1 1 4
 1 1 3 1 2


# name: metrics
# type: matrix
# rows: 127
# columns: 6
 412 2892 2863 5481 3200 0
 241 2994 2859 5683 3200 0
 237 6400 5605 12016 3200 0
 237 8698 8011 16465 3200 0
 237 7953 7934 15045 3200 0
 237 2929 2827 5552 3200 0
 237 7586 5969 14080 3200 0
 237 7884 7885 14915 3200 0
 237 7848 7898 14823 3200 0
 237 2935 2830 5558 3200 0
 237 7570 5961 14035 3200 0
 405 7919 7889 14988 3200 0
 237 8658 7982 16372 3200 0
 233 6298 5618 11810 3200 0
 241 2983 2840 5674 3200 0
 245 7661 6013 14243 3200 0
 241 7978 7940 15105 3200 0
 241 7893 7924 14937 3200 0
 237 2934 2862 5566 3200 0
 241 7659 5995 14224 3200 0
 237 7844 7916 14830 3200 0
 397 7430 5957 13764 3200 0
 237 2933 2829 5561 3200 0
 237 6393 5577 12008 3200 0
 237 7922 7902 14978 3200 0
 233 7472 5954 13854 3200 0
 237 2980 2833 5655 3200 0
 237 6404 5580 12027 3200 0
 237 8665 7978 16386 3200 0
 237 7896 7899 14923 3200 0
 405 2912 2826 5511 3200 0
 397 6246 5601 11706 3200 0
 397 8528 8022 16111 3200 0
 397 7420 5955 13751 3200 0
 245 3044 2883 5791 3200 0
 241 6422 5591 12078 3200 0
 241 7959 7933 15078 3200 0
 245 8371 9860 16138 3200 0
 413 7563 6008 14040 3200 0
 241 2988 2870 5676 3200 0
 237 7560 6003 14023 3200 0
 237 6379 5670 11982 3200 0
 241 8238 9835 15867 3200 0
 237 2948 2829 5592 3200 0
 237 7504 5973 13918 3200 0
 237 7845 7891 14833 3200 0
 237 7934 7914 15013 3200 0
 237 2945 2838 5576 3200 0
 237 7580 5967 14056 3200 0
 413 7887 7943 14927 3200 0
 233 8581 8029 16222 3200 0
 237 7852 7906 14836 3200 0
 245 3030 2874 5766 3200 0
 241 7564 5978 14047 3200 0
 241 7553 5995 14014 3200 0
 241 8274 9826 15953 3200 0
 237 2928 2861 5554 3200 0
 241 7696 5998 14300 3200 0
 237 7565 5986 14032 3200 0
 237 8678 8060 16422 3200 0
 413 7526 6003 13962 3200 0
 237 2934 2827 5560 3200 0
 241 7629 5984 14165 3200 0
 237 7944 7901 15021 3200 0
 237 8252 9812 15891 3200 0
 237 2912 2860 5518 3200 0
 233 6307 5572 11829 3200 0
 233 8582 7970 16216 3200 0
 233 8146 9803 15671 3200 0
 241 2932 2840 5574 3200 0
 241 7616 6003 14145 3200 0
 413 2903 2839 5502 3200 0
 241 7908 7901 14971 3200 0
 241 7845 7909 14853 3200 0
 237 2937 2861 5567 3200 0
 241 7543 5975 14002 3200 0
 237 7940 7933 15018 3200 0
 237 8698 7997 16465 3200 0
 237 2935 2834 5565 3200 0
 237 6320 5637 11855 3200 0
 237 8689 7986 16442 3200 0
 237 8593 8039 16246 3200 0
 405 7530 5996 13962 3200 0
 237 2947 2831 5581 3200 0
 237 7567 5969 14031 3200 0
 237 8659 7997 16372 3200 0
 237 8235 9817 15860 3200 0
 241 2957 2838 5615 3200 0
 241 7599 6007 14109 3200 0
 241 7600 6006 14115 3200 0
 241 7961 7941 15058 3200 0
 241 2958 2841 5625 3200 0
 237 2949 2859 5596 3200 0
 404 7460 5978 13825 3200 0
 237 7892 7914 14926 3200 0
 237 7894 7916 14932 3200 0
 241 2984 2842 5657 3200 0
 237 7600 5955 14106 3200 0
 233 7472 5955 13849 3200 0
 237 8290 9815 15968 3200 0
 237 2971 2830 5626 3200 0
 237 7614 5970 14126 3200 0
 233 6310 5572 11835 3200 0
 233 8138 9800 15651 3200 0
 405 7531 5999 13971 3200 0
 245 2992 2884 5687 3200 0
 245 7683 5971 14280 3200 0
 241 7589 6005 14093 3200 0
 241 7975 7910 15096 3200 0
 241 2994 2841 5696 3200 0
 241 7569 6003 14053 3200 0
 241 8676 7991 16419 3200 0
 241 7885 7898 14924 3200 0
 237 2935 2825 5566 3200 0
 237 7585 5968 14081 3200 0
 405 2895 2830 5484 3200 0
 237 8668 7981 16405 3200 0
 237 8249 9813 15885 3200 0
 237 2952 2829 5593 3200 0
 233 6302 5571 11816 3200 0
 237 8664 7980 16382 3200 0
 233 8578 8030 16214 3200 0
 245 2971 2865 5638 3200 0
 241 7595 6008 14104 3200 0
 241 8709 8075 16487 3200 0
 241 7965 7942 15082 3200 0
 405 7504 5997 13919 3200 0


# name: configFiles
# type: cell
# rows: 1
# columns: 127
# name: <cell-element>
# type: sq_string
# elements: 1
# length: 45
./loops_out/loop0/out.config0.tcl/config0.tcl



# name: <cell-element>
# type: sq_string
# elements: 1
# length: 49
./loops_out/loop0/out.config100.tcl/config100.tcl



# name: <cell-element>
# type: sq_string
# elements: 1
# length: 49
./loops_out/loop0/out.config101.tcl/config101.tcl



# name: <cell-element>
# type: sq_string
# elements: 1
# length: 49
./loops_out/loop0/out.config102.tcl/config102.tcl



# name: <cell-element>
# type: sq_string
# elements: 1
# length: 49
./loops_out/loop0/out.config103.tcl/config103.tcl



# name: <cell-element>
# type: sq_string
# elements: 1
# length: 49
./loops_out/loop0/out.config104.tcl/config104.tcl



# name: <cell-element>
# type: sq_string
# elements: 1
# length: 49
./loops_out/loop0/out.config105.tcl/config105.tcl



# name: <cell-element>
# type: sq_string
# elements: 1
# length: 49
./loops_out/loop0/out.config106.tcl/config106.tcl



# name: <cell-element>
# type: sq_string
# elements: 1
# length: 49
./loops_out/loop0/out.config107.tcl/config107.tcl



# name: <cell-element>
# type: sq_string
# elements: 1
# length: 49
./loops_out/loop0/out.config108.tcl/config108.tcl



# name: <cell-element>
# type: sq_string
# elements: 1
# length: 49
./loops_out/loop0/out.config109.tcl/config109.tcl



# name: <cell-element>
# type: sq_string
# elements: 1
# length: 47
./loops_out/loop0/out.config10.tcl/config10.tcl



# name: <cell-element>
# type: sq_string
# elements: 1
# length: 49
./loops_out/loop0/out.config110.tcl/config110.tcl



# name: <cell-element>
# type: sq_string
# elements: 1
# length: 49
./loops_out/loop0/out.config111.tcl/config111.tcl



# name: <cell-element>
# type: sq_string
# elements: 1
# length: 49
./loops_out/loop0/out.config112.tcl/config112.tcl



# name: <cell-element>
# type: sq_string
# elements: 1
# length: 49
./loops_out/loop0/out.config113.tcl/config113.tcl



# name: <cell-element>
# type: sq_string
# elements: 1
# length: 49
./loops_out/loop0/out.config114.tcl/config114.tcl



# name: <cell-element>
# type: sq_string
# elements: 1
# length: 49
./loops_out/loop0/out.config115.tcl/config115.tcl



# name: <cell-element>
# type: sq_string
# elements: 1
# length: 49
./loops_out/loop0/out.config116.tcl/config116.tcl



# name: <cell-element>
# type: sq_string
# elements: 1
# length: 49
./loops_out/loop0/out.config117.tcl/config117.tcl



# name: <cell-element>
# type: sq_string
# elements: 1
# length: 49
./loops_out/loop0/out.config118.tcl/config118.tcl



# name: <cell-element>
# type: sq_string
# elements: 1
# length: 47
./loops_out/loop0/out.config11.tcl/config11.tcl



# name: <cell-element>
# type: sq_string
# elements: 1
# length: 49
./loops_out/loop0/out.config120.tcl/config120.tcl



