# Created by Octave 3.8.1, Sat Jan 26 16:16:07 2019 -02 <leandro@MuroDasLamentacoes>
# name: constraints
# type: matrix
# rows: 128
# columns: 5
 1 1 1 1 1
 1 7 2 1 1
 1 7 2 1 2
 1 7 2 1 3
 1 7 2 1 4
 1 7 3 1 1
 1 7 3 1 2
 1 7 3 1 3
 1 7 3 1 4
 1 7 4 1 1
 1 7 4 1 2
 1 1 3 1 3
 1 7 4 1 3
 1 7 4 1 4
 1 8 1 1 1
 1 8 1 1 2
 1 8 1 1 3
 1 8 1 1 4
 1 8 2 1 1
 1 8 2 1 2
 1 8 2 1 3
 1 8 2 1 4
 1 1 3 1 4
 1 8 3 1 1
 1 8 3 1 2
 1 8 3 1 3
 1 8 3 1 4
 1 8 4 1 1
 1 8 4 1 2
 1 8 4 1 3
 1 8 4 1 4
 1 1 4 1 1
 1 1 4 1 2
 1 1 4 1 3
 1 1 4 1 4
 1 2 1 1 1
 1 2 1 1 2
 1 2 1 1 3
 1 2 1 1 4
 1 1 1 1 2
 1 2 2 1 1
 1 2 2 1 2
 1 2 2 1 3
 1 2 2 1 4
 1 2 3 1 1
 1 2 3 1 2
 1 2 3 1 3
 1 2 3 1 4
 1 2 4 1 1
 1 2 4 1 2
 1 1 1 1 3
 1 2 4 1 3
 1 2 4 1 4
 1 3 1 1 1
 1 3 1 1 2
 1 3 1 1 3
 1 3 1 1 4
 1 3 2 1 1
 1 3 2 1 2
 1 3 2 1 3
 1 3 2 1 4
 1 1 1 1 4
 1 3 3 1 1
 1 3 3 1 2
 1 3 3 1 3
 1 3 3 1 4
 1 3 4 1 1
 1 3 4 1 2
 1 3 4 1 3
 1 3 4 1 4
 1 4 1 1 1
 1 4 1 1 2
 1 1 2 1 1
 1 4 1 1 3
 1 4 1 1 4
 1 4 2 1 1
 1 4 2 1 2
 1 4 2 1 3
 1 4 2 1 4
 1 4 3 1 1
 1 4 3 1 2
 1 4 3 1 3
 1 4 3 1 4
 1 1 2 1 2
 1 4 4 1 1
 1 4 4 1 2
 1 4 4 1 3
 1 4 4 1 4
 1 5 1 1 1
 1 5 1 1 2
 1 5 1 1 3
 1 5 1 1 4
 1 5 2 1 1
 1 5 2 1 2
 1 1 2 1 3
 1 5 2 1 3
 1 5 2 1 4
 1 5 3 1 1
 1 5 3 1 2
 1 5 3 1 3
 1 5 3 1 4
 1 5 4 1 1
 1 5 4 1 2
 1 5 4 1 3
 1 5 4 1 4
 1 1 2 1 4
 1 6 1 1 1
 1 6 1 1 2
 1 6 1 1 3
 1 6 1 1 4
 1 6 2 1 1
 1 6 2 1 2
 1 6 2 1 3
 1 6 2 1 4
 1 6 3 1 1
 1 6 3 1 2
 1 1 3 1 1
 1 6 3 1 3
 1 6 3 1 4
 1 6 4 1 1
 1 6 4 1 2
 1 6 4 1 3
 1 6 4 1 4
 1 7 1 1 1
 1 7 1 1 2
 1 7 1 1 3
 1 7 1 1 4
 1 1 3 1 2


# name: metrics
# type: matrix
# rows: 128
# columns: 6
 438 3158 2886 6019 3200 0
 246 3119 2871 5938 3200 0
 242 7637 5997 14189 3200 0
 242 7929 7930 15015 3200 0
 242 8303 9850 16006 3200 0
 242 3047 2836 5784 3200 0
 242 7652 5965 14219 3200 0
 242 7945 7898 15047 3200 0
 238 8215 9812 15821 3200 0
 238 3020 2826 5720 3200 0
 238 7625 5955 14155 3200 0
 430 7985 7940 15130 3200 0
 238 7918 7888 14983 3200 0
 234 8188 9803 15757 3200 0
 246 3103 2871 5907 3200 0
 242 7684 5998 14284 3200 0
 242 7978 7931 15112 3200 0
 242 8336 9851 16071 3200 0
 246 3119 2871 5938 3200 0
 242 7637 5997 14189 3200 0
 242 7929 7930 15015 3200 0
 242 8303 9850 16006 3200 0
 422 8264 9858 15931 3200 0
 242 3047 2836 5784 3200 0
 242 7652 5965 14219 3200 0
 242 7945 7898 15047 3200 0
 238 8215 9812 15821 3200 0
 238 3020 2826 5720 3200 0
 238 7625 5955 14155 3200 0
 238 7918 7888 14983 3200 0
 234 8188 9803 15757 3200 0
 422 3076 2873 5857 3200 0
 422 7658 6008 14234 3200 0
 422 7951 7931 15062 3200 0
 414 8230 9851 15863 3200 0
 254 3189 2884 6081 3200 0
 250 7788 6021 14490 3200 0
 250 8082 7944 15318 3200 0
 250 8440 9865 16277 3200 0
 430 7741 6020 14398 3200 0
 254 3204 2884 6112 3200 0
 250 7724 6020 14361 3200 0
 250 8017 7943 15189 3200 0
 250 8391 9864 16180 3200 0
 250 3143 2881 5990 3200 0
 250 7740 6020 14393 3200 0
 250 8033 7943 15221 3200 0
 246 8313 9861 16026 3200 0
 246 3110 2872 5926 3200 0
 246 7707 6011 14329 3200 0
 430 8034 7942 15226 3200 0
 246 8001 7934 15157 3200 0
 242 8281 9852 15962 3200 0
 254 3204 2884 6111 3200 0
 250 7807 6022 14528 3200 0
 250 8101 7944 15355 3200 0
 250 8458 9865 16314 3200 0
 254 3219 2884 6142 3200 0
 250 7743 6021 14399 3200 0
 250 8036 7943 15226 3200 0
 250 8410 9864 16217 3200 0
 430 8391 9863 16185 3200 0
 250 3158 2881 6020 3200 0
 250 7759 6021 14431 3200 0
 250 8052 7943 15258 3200 0
 246 8332 9861 16063 3200 0
 246 3125 2871 5956 3200 0
 246 7726 6011 14367 3200 0
 246 8019 7933 15194 3200 0
 242 8300 9851 15999 3200 0
 250 3150 2878 6002 3200 0
 246 7736 6015 14387 3200 0
 438 3174 2885 6051 3200 0
 246 8045 7935 15243 3200 0
 246 8401 9856 16202 3200 0
 250 3165 2878 6033 3200 0
 246 7687 6014 14290 3200 0
 246 7996 7934 15146 3200 0
 246 8369 9855 16137 3200 0
 246 3093 2843 5879 3200 0
 246 7703 5982 14322 3200 0
 246 8012 7902 15178 3200 0
 242 8280 9820 15951 3200 0
 430 7676 6017 14270 3200 0
 242 3066 2833 5815 3200 0
 242 7676 5972 14258 3200 0
 242 7985 7892 15114 3200 0
 238 8253 9811 15887 3200 0
 250 3157 2878 6016 3200 0
 246 7755 6006 14425 3200 0
 246 8064 7938 15282 3200 0
 246 8420 9858 16241 3200 0
 250 3173 2878 6047 3200 0
 246 7690 6004 14296 3200 0
 430 7969 7940 15098 3200 0
 246 7999 7935 15153 3200 0
 246 8372 9858 16144 3200 0
 246 3112 2844 5925 3200 0
 246 7706 5972 14328 3200 0
 246 8015 7903 15185 3200 0
 242 8294 9823 15990 3200 0
 242 3085 2835 5861 3200 0
 242 7679 5962 14264 3200 0
 242 7988 7893 15121 3200 0
 238 8267 9814 15926 3200 0
 430 8343 9861 16089 3200 0
 246 3103 2876 5909 3200 0
 242 7685 6003 14286 3200 0
 242 7978 7936 15114 3200 0
 242 8336 9857 16073 3200 0
 246 3119 2876 5940 3200 0
 242 7636 6002 14189 3200 0
 242 7929 7935 15017 3200 0
 242 8303 9856 16008 3200 0
 242 3047 2841 5786 3200 0
 242 7652 5970 14221 3200 0
 430 3110 2882 5925 3200 0
 242 7945 7903 15049 3200 0
 238 8215 9818 15823 3200 0
 238 3019 2831 5722 3200 0
 238 7625 5960 14157 3200 0
 238 7918 7893 14985 3200 0
 234 8188 9809 15759 3200 0
 246 3103 2871 5907 3200 0
 242 7684 5998 14284 3200 0
 242 7978 7931 15112 3200 0
 242 8336 9851 16071 3200 0
 430 7692 6017 14302 3200 0


# name: configFiles
# type: cell
# rows: 1
# columns: 128
# name: <cell-element>
# type: sq_string
# elements: 1
# length: 45
./loops_out/loop0/out.config0.tcl/config0.tcl



# name: <cell-element>
# type: sq_string
# elements: 1
# length: 49
./loops_out/loop0/out.config100.tcl/config100.tcl



# name: <cell-element>
# type: sq_string
# elements: 1
# length: 49
./loops_out/loop0/out.config101.tcl/config101.tcl



# name: <cell-element>
# type: sq_string
# elements: 1
# length: 49
./loops_out/loop0/out.config102.tcl/config102.tcl



# name: <cell-element>
# type: sq_string
# elements: 1
# length: 49
./loops_out/loop0/out.config103.tcl/config103.tcl



# name: <cell-element>
# type: sq_string
# elements: 1
# length: 49
./loops_out/loop0/out.config104.tcl/config104.tcl



# name: <cell-element>
# type: sq_string
# elements: 1
# length: 49
./loops_out/loop0/out.config105.tcl/config105.tcl



# name: <cell-element>
# type: sq_string
# elements: 1
# length: 49
./loops_out/loop0/out.config106.tcl/config106.tcl



# name: <cell-element>
# type: sq_string
# elements: 1
# length: 49
./loops_out/loop0/out.config107.tcl/config107.tcl



# name: <cell-element>
# type: sq_string
# elements: 1
# length: 49
./loops_out/loop0/out.config108.tcl/config108.tcl



# name: <cell-element>
# type: sq_string
# elements: 1
# length: 49
./loops_out/loop0/out.config109.tcl/config109.tcl



# name: <cell-element>
# type: sq_string
# elements: 1
# length: 47
./loops_out/loop0/out.config10.tcl/config10.tcl



# name: <cell-element>
# type: sq_string
# elements: 1
# length: 49
./loops_out/loop0/out.config110.tcl/config110.tcl



# name: <cell-element>
# type: sq_string
# elements: 1
# length: 49
./loops_out/loop0/out.config111.tcl/config111.tcl



# name: <cell-element>
# type: sq_string
# elements: 1
# length: 49
./loops_out/loop0/out.config112.tcl/config112.tcl



# name: <cell-element>
# type: sq_string
# elements: 1
# length: 49
./loops_out/loop0/out.config113.tcl/config113.tcl



# name: <cell-element>
# type: sq_string
# elements: 1
# length: 49
./loops_out/loop0/out.config114.tcl/config114.tcl



# name: <cell-element>
# type: sq_string
# elements: 1
# length: 49
./loops_out/loop0/out.config115.tcl/config115.tcl



# name: <cell-element>
# type: sq_string
# elements: 1
# length: 49
./loops_out/loop0/out.config116.tcl/config116.tcl



# name: <cell-element>
# type: sq_string
# elements: 1
# length: 49
./loops_out/loop0/out.config117.tcl/config117.tcl



# name: <cell-element>
# type: sq_string
# elements: 1
# length: 49
./loops_out/loop0/out.config118.tcl/config118.tcl



# name: <cell-element>
# type: sq_string
# elements: 1
# length: 49
./loops_out/loop0/out.config119.tcl/config119.tcl



# name: <cell-element>
# type: sq_string
# elements: 1
# length: 47
./loops_out/loop0/out.config11.tcl/config11.tcl



