# Created by Octave 4.2.2, Mon Mar 11 08:07:49 2019 -03 <leandro@aBitOfHell>
# name: constraints
# type: matrix
# rows: 168
# columns: 5
 1 1 1 1 1
 13 1 1 5 1
 13 1 1 6 1
 13 1 1 7 1
 13 1 1 8 1
 14 1 1 1 1
 14 1 1 2 1
 14 1 1 3 1
 14 1 1 4 1
 14 1 1 5 1
 14 1 1 6 1
 2 1 1 3 1
 14 1 1 7 1
 14 1 1 8 1
 15 1 1 1 1
 15 1 1 2 1
 15 1 1 3 1
 15 1 1 4 1
 15 1 1 5 1
 15 1 1 6 1
 15 1 1 7 1
 15 1 1 8 1
 2 1 1 4 1
 16 1 1 1 1
 16 1 1 2 1
 16 1 1 3 1
 16 1 1 4 1
 16 1 1 5 1
 16 1 1 6 1
 16 1 1 7 1
 16 1 1 8 1
 17 1 1 1 1
 17 1 1 2 1
 2 1 1 5 1
 17 1 1 3 1
 17 1 1 4 1
 17 1 1 5 1
 17 1 1 6 1
 17 1 1 7 1
 17 1 1 8 1
 18 1 1 1 1
 18 1 1 2 1
 18 1 1 3 1
 18 1 1 4 1
 2 1 1 6 1
 18 1 1 5 1
 18 1 1 6 1
 18 1 1 7 1
 18 1 1 8 1
 19 1 1 1 1
 19 1 1 2 1
 19 1 1 3 1
 19 1 1 4 1
 19 1 1 5 1
 19 1 1 6 1
 2 1 1 7 1
 19 1 1 7 1
 19 1 1 8 1
 20 1 1 1 1
 20 1 1 2 1
 20 1 1 3 1
 20 1 1 4 1
 20 1 1 5 1
 20 1 1 6 1
 20 1 1 7 1
 20 1 1 8 1
 2 1 1 8 1
 21 1 1 1 1
 21 1 1 2 1
 21 1 1 3 1
 21 1 1 4 1
 21 1 1 5 1
 21 1 1 6 1
 21 1 1 7 1
 21 1 1 8 1
 3 1 1 1 1
 3 1 1 2 1
 3 1 1 3 1
 3 1 1 4 1
 1 1 1 2 1
 3 1 1 5 1
 3 1 1 6 1
 3 1 1 7 1
 3 1 1 8 1
 4 1 1 1 1
 4 1 1 2 1
 4 1 1 3 1
 4 1 1 4 1
 4 1 1 5 1
 4 1 1 6 1
 1 1 1 3 1
 4 1 1 7 1
 4 1 1 8 1
 5 1 1 1 1
 5 1 1 2 1
 5 1 1 3 1
 5 1 1 4 1
 5 1 1 5 1
 5 1 1 6 1
 5 1 1 7 1
 5 1 1 8 1
 1 1 1 4 1
 6 1 1 1 1
 6 1 1 2 1
 6 1 1 3 1
 6 1 1 4 1
 6 1 1 5 1
 6 1 1 6 1
 6 1 1 7 1
 6 1 1 8 1
 7 1 1 1 1
 7 1 1 2 1
 1 1 1 5 1
 7 1 1 3 1
 7 1 1 4 1
 7 1 1 5 1
 7 1 1 6 1
 7 1 1 7 1
 7 1 1 8 1
 8 1 1 1 1
 8 1 1 2 1
 8 1 1 3 1
 8 1 1 4 1
 1 1 1 6 1
 8 1 1 5 1
 8 1 1 6 1
 8 1 1 7 1
 8 1 1 8 1
 9 1 1 1 1
 9 1 1 2 1
 9 1 1 3 1
 9 1 1 4 1
 9 1 1 5 1
 9 1 1 6 1
 1 1 1 7 1
 9 1 1 7 1
 9 1 1 8 1
 10 1 1 1 1
 10 1 1 2 1
 10 1 1 3 1
 10 1 1 4 1
 10 1 1 5 1
 10 1 1 6 1
 10 1 1 7 1
 10 1 1 8 1
 1 1 1 8 1
 11 1 1 1 1
 11 1 1 2 1
 11 1 1 3 1
 11 1 1 4 1
 11 1 1 5 1
 11 1 1 6 1
 11 1 1 7 1
 11 1 1 8 1
 12 1 1 1 1
 12 1 1 2 1
 2 1 1 1 1
 12 1 1 3 1
 12 1 1 4 1
 12 1 1 5 1
 12 1 1 6 1
 12 1 1 7 1
 12 1 1 8 1
 13 1 1 1 1
 13 1 1 2 1
 13 1 1 3 1
 13 1 1 4 1
 2 1 1 2 1


# name: metrics
# type: matrix
# rows: 168
# columns: 6
 1370 2308 2272 3907 0 0
 1311 3456 3896 5886 0 0
 1311 2450 2762 4126 0 0
 1312 3911 4360 6768 0 0
 1309 3495 3927 5946 0 0
 1310 2904 3339 4962 0 0
 1313 2946 3358 5021 0 0
 1312 4354 4814 7654 0 0
 1312 3948 4376 6834 0 0
 1310 3490 3970 5918 0 0
 1312 3913 4370 6769 0 0
 1313 2443 2742 4160 0 0
 1312 3516 3970 5927 0 0
 1311 2944 3326 5063 0 0
 1312 3455 3927 5855 0 0
 1310 3507 3954 5956 0 0
 1313 3540 4033 5956 0 0
 1312 3900 4315 6811 0 0
 1312 3986 4416 6857 0 0
 1310 3460 3925 5845 0 0
 1311 3932 4358 6856 0 0
 1311 2927 3302 5046 0 0
 1342 2684 2753 4546 0 0
 1310 3945 4392 6842 0 0
 1310 3936 4397 6806 0 0
 1312 3921 4358 6804 0 0
 1312 4946 5427 8669 0 0
 1312 3944 4324 6896 0 0
 1312 3521 3968 5949 0 0
 1311 2993 3360 5111 0 0
 1312 5339 5850 9441 0 0
 1312 2930 3303 5001 0 0
 1311 3403 3872 5822 0 0
 1312 2456 2802 4116 0 0
 1312 3503 3990 5908 0 0
 1313 4392 4766 7766 0 0
 1311 3953 4423 6813 0 0
 1313 3904 4310 6817 0 0
 1312 3444 3948 5823 0 0
 1311 3478 3980 5868 0 0
 1310 3439 3908 5846 0 0
 1311 2919 3322 5017 0 0
 1311 3492 3984 5895 0 0
 1310 2971 3369 5077 0 0
 1313 2444 2754 4128 0 0
 1312 3494 3920 5957 0 0
 1311 3517 3975 5943 0 0
 1312 2467 2758 4162 0 0
 1310 3468 3877 5927 0 0
 1312 3956 4442 6815 0 0
 1312 3504 3940 5953 0 0
 1311 2428 2758 4083 0 0
 1312 3410 3870 5820 0 0
 1311 3458 3941 5871 0 0
 1312 4359 4806 7697 0 0
 1313 2448 2766 4132 0 0
 1312 3438 3869 5908 0 0
 1311 3002 3350 5107 0 0
 1311 3408 3862 5835 0 0
 1309 3932 4423 6773 0 0
 1312 3480 3899 5929 0 0
 1313 3936 4393 6835 0 0
 1312 3473 3960 5907 0 0
 1312 3892 4339 6756 0 0
 1312 2438 2719 4140 0 0
 1312 3510 3954 5970 0 0
 1342 2725 2811 4621 0 0
 1313 3944 4390 6832 0 0
 1312 3937 4394 6801 0 0
 1311 3933 4397 6797 0 0
 1312 3889 4375 6728 0 0
 1311 3914 4366 6765 0 0
 1312 3902 4317 6818 0 0
 1310 2964 3357 5032 0 0
 1312 2948 3376 5014 0 0
 1312 2952 3350 5064 0 0
 1312 2922 3324 5016 0 0
 1313 2960 3350 5038 0 0
 1313 2903 3301 4968 0 0
 1371 2371 2288 4015 0 0
 1312 2938 3344 5024 0 0
 1310 2498 2770 4220 0 0
 1312 2956 3347 5045 0 0
 1310 2902 3288 5019 0 0
 1312 2904 3304 4964 0 0
 1312 2913 3315 5003 0 0
 1312 2931 3329 5003 0 0
 1312 2918 3282 5021 0 0
 1312 3490 4014 5857 0 0
 1312 3471 3957 5873 0 0
 1371 2460 2285 4179 0 0
 1309 2955 3298 5041 0 0
 1309 3453 3890 5893 0 0
 1312 3482 3922 5934 0 0
 1312 3457 3906 5869 0 0
 1312 3940 4413 6810 0 0
 1311 3508 3955 5931 0 0
 1312 3475 3927 5910 0 0
 1312 3529 4018 5923 0 0
 1312 2935 3392 4987 0 0
 1310 3964 4352 6866 0 0
 1371 2409 2296 4074 0 0
 1313 2931 3350 4999 0 0
 1312 3458 3895 5919 0 0
 1312 3922 4359 6817 0 0
 1312 2431 2765 4114 0 0
 1312 2964 3404 5023 0 0
 1313 3423 3789 5915 0 0
 1313 2912 3275 5035 0 0
 1311 3950 4380 6839 0 0
 1311 3478 3911 5936 0 0
 1312 3521 4011 5933 0 0
 1371 2421 2294 4093 0 0
 1312 2946 3374 5058 0 0
 1313 2955 3321 5053 0 0
 1312 2984 3352 5106 0 0
 1310 2938 3315 5061 0 0
 1311 3458 3868 5911 0 0
 1310 2925 3267 5031 0 0
 1312 3494 3960 5918 0 0
 1311 2942 3315 5038 0 0
 1313 2977 3392 5076 0 0
 1312 3915 4336 6776 0 0
 1371 2352 2279 3978 0 0
 1311 2937 3288 5055 0 0
 1306 2947 3311 5085 0 0
 1311 2990 3375 5085 0 0
 1312 3511 3999 5926 0 0
 1312 3955 4390 6832 0 0
 1312 2929 3335 5005 0 0
 1312 3492 3966 5918 0 0
 1311 3953 4381 6867 0 0
 1312 2994 3307 5115 0 0
 1311 2916 3312 4996 0 0
 1370 2330 2245 3958 0 0
 1311 3452 3910 5859 0 0
 1311 3456 3901 5880 0 0
 1311 3905 4351 6764 0 0
 1309 3497 3958 5902 0 0
 1312 3946 4377 6826 0 0
 1312 2923 3368 4978 0 0
 1312 2982 3372 5062 0 0
 1312 2941 3243 5059 0 0
 1311 2472 2778 4118 0 0
 1311 3954 4387 6847 0 0
 1371 2398 2296 4067 0 0
 1311 3486 3961 5900 0 0
 1312 2913 3321 4975 0 0
 1312 4383 4834 7707 0 0
 1307 3492 3982 5914 0 0
 1311 2960 3321 5051 0 0
 1312 3923 4364 6784 0 0
 1312 2495 2735 4225 0 0
 1311 3499 3985 5915 0 0
 1313 2934 3345 4991 0 0
 1312 3512 3988 5935 0 0
 1342 2694 2841 4532 0 0
 1311 3464 3915 5922 0 0
 1311 2905 3311 4995 0 0
 1313 3487 3903 5936 0 0
 1310 2965 3333 5063 0 0
 1313 2928 3298 4995 0 0
 1312 2878 3281 4927 0 0
 1311 3506 3899 5976 0 0
 1312 3488 3857 5983 0 0
 1311 2894 3305 4974 0 0
 1312 4335 4818 7632 0 0
 1311 2496 2837 4149 0 0


# name: configFiles
# type: cell
# rows: 1
# columns: 168
# name: <cell-element>
# type: sq_string
# elements: 1
# length: 45
./loops_out/loop0/out.config0.tcl/config0.tcl



# name: <cell-element>
# type: sq_string
# elements: 1
# length: 49
./loops_out/loop0/out.config100.tcl/config100.tcl



# name: <cell-element>
# type: sq_string
# elements: 1
# length: 49
./loops_out/loop0/out.config101.tcl/config101.tcl



# name: <cell-element>
# type: sq_string
# elements: 1
# length: 49
./loops_out/loop0/out.config102.tcl/config102.tcl



# name: <cell-element>
# type: sq_string
# elements: 1
# length: 49
./loops_out/loop0/out.config103.tcl/config103.tcl



# name: <cell-element>
# type: sq_string
# elements: 1
# length: 49
./loops_out/loop0/out.config104.tcl/config104.tcl



# name: <cell-element>
# type: sq_string
# elements: 1
# length: 49
./loops_out/loop0/out.config105.tcl/config105.tcl



# name: <cell-element>
# type: sq_string
# elements: 1
# length: 49
./loops_out/loop0/out.config106.tcl/config106.tcl



# name: <cell-element>
# type: sq_string
# elements: 1
# length: 49
./loops_out/loop0/out.config107.tcl/config107.tcl



# name: <cell-element>
# type: sq_string
# elements: 1
# length: 49
./loops_out/loop0/out.config108.tcl/config108.tcl



# name: <cell-element>
# type: sq_string
# elements: 1
# length: 49
./loops_out/loop0/out.config109.tcl/config109.tcl



# name: <cell-element>
# type: sq_string
# elements: 1
# length: 47
./loops_out/loop0/out.config10.tcl/config10.tcl



# name: <cell-element>
# type: sq_string
# elements: 1
# length: 49
./loops_out/loop0/out.config110.tcl/config110.tcl



