# Created by Octave 4.2.2, Thu Mar 21 15:28:26 2019 -03 <leandro@aBitOfHell>
# name: constraints
# type: matrix
# rows: 86
# columns: 3
 1 11 1
 1 12 1
 1 13 1
 1 14 1
 1 15 1
 1 16 1
 1 17 1
 1 18 1
 1 19 1
 1 20 1
 1 2 1
 1 21 1
 1 22 1
 1 23 1
 1 24 1
 1 25 1
 1 26 1
 1 27 1
 1 28 1
 1 29 1
 1 30 1
 1 3 1
 1 31 1
 1 32 1
 1 33 1
 1 34 1
 1 35 1
 1 36 1
 1 37 1
 1 38 1
 1 39 1
 1 40 1
 1 4 1
 1 41 1
 1 42 1
 1 43 1
 1 44 1
 1 45 1
 1 46 1
 1 47 1
 1 48 1
 1 49 1
 1 50 1
 1 5 1
 1 51 1
 1 52 1
 1 53 1
 1 54 1
 1 55 1
 1 56 1
 1 57 1
 1 58 1
 1 59 1
 1 60 1
 1 6 1
 1 61 1
 1 62 1
 1 63 1
 1 64 1
 1 65 1
 1 66 1
 1 67 1
 1 68 1
 1 69 1
 1 70 1
 1 7 1
 1 71 1
 1 72 1
 1 73 1
 1 74 1
 1 75 1
 1 76 1
 1 77 1
 1 78 1
 1 79 1
 1 80 1
 1 8 1
 1 81 1
 1 82 1
 1 83 1
 1 84 1
 1 85 1
 1 86 1
 1 87 1
 1 9 1
 1 10 1


# name: metrics
# type: matrix
# rows: 86
# columns: 6
 388 968 1186 1645 3200 0
 388 979 1218 1645 3200 0
 396 1035 1122 1785 3200 0
 396 1035 1122 1785 3200 0
 388 958 1124 1613 3200 0
 388 931 1027 1581 3200 0
 388 936 1059 1581 3200 0
 388 932 1089 1549 3200 0
 388 932 1087 1549 3200 0
 388 938 1119 1549 3200 0
 2124 1330 1733 2463 3200 0
 388 932 1087 1549 3200 0
 388 927 1055 1549 3200 0
 388 927 1055 1549 3200 0
 388 911 1023 1517 3200 0
 388 927 1120 1517 3200 0
 388 905 1054 1485 3200 0
 388 905 1054 1485 3200 0
 388 911 1086 1485 3200 0
 388 911 1086 1485 3200 0
 388 905 1054 1485 3200 0
 1433 1477 1709 2743 3200 0
 388 900 1022 1485 3200 0
 388 900 1022 1485 3200 0
 388 905 1054 1485 3200 0
 388 905 1054 1485 3200 0
 388 911 1086 1485 3200 0
 388 900 1086 1453 3200 0
 388 884 1053 1421 3200 0
 388 884 1053 1421 3200 0
 388 879 1021 1421 3200 0
 388 879 1021 1421 3200 0
 1090 1362 1469 2530 3200 0
 388 884 1053 1421 3200 0
 388 884 1053 1421 3200 0
 388 884 1053 1421 3200 0
 388 884 1053 1421 3200 0
 388 879 1021 1421 3200 0
 388 879 1021 1421 3200 0
 388 879 1021 1421 3200 0
 388 879 1021 1421 3200 0
 388 879 1021 1421 3200 0
 388 884 1053 1421 3200 0
 894 1438 1412 2688 3200 0
 388 884 1053 1421 3200 0
 388 884 1053 1421 3200 0
 388 884 1053 1421 3200 0
 388 879 1021 1421 3200 0
 388 879 1021 1421 3200 0
 388 879 1021 1421 3200 0
 388 884 1053 1421 3200 0
 388 884 1053 1421 3200 0
 388 884 1053 1421 3200 0
 388 884 1053 1421 3200 0
 747 1372 1258 2557 3200 0
 388 879 1021 1421 3200 0
 388 879 1021 1421 3200 0
 388 879 1021 1421 3200 0
 388 879 1021 1421 3200 0
 388 879 1021 1421 3200 0
 388 884 1053 1421 3200 0
 388 884 1053 1421 3200 0
 388 884 1053 1421 3200 0
 388 884 1053 1421 3200 0
 388 884 1053 1421 3200 0
 649 1321 1172 2455 3200 0
 388 868 1021 1389 3200 0
 388 868 1021 1389 3200 0
 388 868 1021 1389 3200 0
 388 857 1020 1357 3200 0
 388 857 1020 1357 3200 0
 388 857 1020 1357 3200 0
 388 857 1020 1357 3200 0
 388 857 1020 1357 3200 0
 388 857 1020 1357 3200 0
 388 857 1020 1357 3200 0
 551 1280 1188 2337 3200 0
 388 857 1020 1357 3200 0
 388 857 1020 1357 3200 0
 388 857 1020 1357 3200 0
 388 857 1020 1357 3200 0
 388 857 1020 1357 3200 0
 388 857 1020 1357 3200 0
 388 857 1020 1357 3200 0
 502 1252 1170 2269 3200 0
 444 1000 1126 1755 3200 0


# name: configFiles
# type: cell
# rows: 1
# columns: 86
# name: <cell-element>
# type: sq_string
# elements: 1
# length: 47
./loops_out/loop0/out.config10.tcl/config10.tcl



# name: <cell-element>
# type: sq_string
# elements: 1
# length: 47
./loops_out/loop0/out.config11.tcl/config11.tcl



# name: <cell-element>
# type: sq_string
# elements: 1
# length: 47
./loops_out/loop0/out.config12.tcl/config12.tcl



# name: <cell-element>
# type: sq_string
# elements: 1
# length: 47
./loops_out/loop0/out.config13.tcl/config13.tcl



# name: <cell-element>
# type: sq_string
# elements: 1
# length: 47
./loops_out/loop0/out.config14.tcl/config14.tcl



# name: <cell-element>
# type: sq_string
# elements: 1
# length: 47
./loops_out/loop0/out.config15.tcl/config15.tcl



# name: <cell-element>
# type: sq_string
# elements: 1
# length: 47
./loops_out/loop0/out.config16.tcl/config16.tcl



# name: <cell-element>
# type: sq_string
# elements: 1
# length: 47
./loops_out/loop0/out.config17.tcl/config17.tcl



# name: <cell-element>
# type: sq_string
# elements: 1
# length: 47
./loops_out/loop0/out.config18.tcl/config18.tcl



# name: <cell-element>
# type: sq_string
# elements: 1
# length: 47
./loops_out/loop0/out.config19.tcl/config19.tcl



# name: <cell-element>
# type: sq_string
# elements: 1
# length: 45
./loops_out/loop0/out.config1.tcl/config1.tcl



# name: <cell-element>
# type: sq_string
# elements: 1
# length: 47
./loops_out/loop0/out.config20.tcl/config20.tcl



# name: <cell-element>
# type: sq_string
# elements: 1
# length: 47
./loops_out/loop0/out.config21.tcl/config21.tcl



# name: <cell-element>
# type: sq_string
# elements: 1
# length: 47
./loops_out/loop0/out.config22.tcl/config22.tcl



# name: <cell-element>
# type: sq_string
# elements: 1
# length: 47
./loops_out/loop0/out.config23.tcl/config23.tcl



# name: <cell-element>
# type: sq_string
# elements: 1
# length: 47
./loops_out/loop0/out.config24.tcl/config24.tcl



# name: <cell-element>
# type: sq_string
# elements: 1
# length: 47
./loops_out/loop0/out.config25.tcl/config25.tcl



# name: <cell-element>
# type: sq_string
# elements: 1
# length: 47
./loops_out/loop0/out.config26.tcl/config26.tcl



# name: <cell-element>
# type: sq_string
# elements: 1
# length: 47
./loops_out/loop0/out.config27.tcl/config27.tcl



# name: <cell-element>
# type: sq_string
# elements: 1
# length: 47
./loops_out/loop0/out.config28.tcl/config28.tcl



# name: <cell-element>
# type: sq_string
# elements: 1
# length: 47
./loops_out/loop0/out.config29.tcl/config29.tcl



# name: <cell-element>
# type: sq_string
# elements: 1
# length: 45
./loops_out/loop0/out.config2.tcl/config2.tcl



# name: <cell-element>
# type: sq_string
# elements: 1
# length: 47
./loops_out/loop0/out.config30.tcl/config30.tcl



# name: <cell-element>
# type: sq_string
# elements: 1
# length: 47
./loops_out/loop0/out.config31.tcl/config31.tcl



# name: <cell-element>
# type: sq_string
# elements: 1
# length: 47
./loops_out/loop0/out.config32.tcl/config32.tcl



# name: <cell-element>
# type: sq_string
# elements: 1
# length: 47
./loops_out/loop0/out.config33.tcl/config33.tcl



# name: <cell-element>
# type: sq_string
# elements: 1
# length: 47
./loops_out/loop0/out.config34.tcl/config34.tcl



# name: <cell-element>
# type: sq_string
# elements: 1
# length: 47
./loops_out/loop0/out.config35.tcl/config35.tcl



# name: <cell-element>
# type: sq_string
# elements: 1
# length: 47
./loops_out/loop0/out.config36.tcl/config36.tcl



# name: <cell-element>
# type: sq_string
# elements: 1
# length: 47
./loops_out/loop0/out.config37.tcl/config37.tcl



# name: <cell-element>
# type: sq_string
# elements: 1
# length: 47
./loops_out/loop0/out.config38.tcl/config38.tcl



# name: <cell-element>
# type: sq_string
# elements: 1
# length: 47
./loops_out/loop0/out.config39.tcl/config39.tcl



# name: <cell-element>
# type: sq_string
# elements: 1
# length: 45
./loops_out/loop0/out.config3.tcl/config3.tcl



# name: <cell-element>
# type: sq_string
# elements: 1
# length: 47
./loops_out/loop0/out.config40.tcl/config40.tcl



# name: <cell-element>
# type: sq_string
# elements: 1
# length: 47
./loops_out/loop0/out.config41.tcl/config41.tcl



# name: <cell-element>
# type: sq_string
# elements: 1
# length: 47
./loops_out/loop0/out.config42.tcl/config42.tcl



# name: <cell-element>
# type: sq_string
# elements: 1
# length: 47
./loops_out/loop0/out.config43.tcl/config43.tcl



# name: <cell-element>
# type: sq_string
# elements: 1
# length: 47
./loops_out/loop0/out.config44.tcl/config44.tcl



# name: <cell-element>
# type: sq_string
# elements: 1
# length: 47
./loops_out/loop0/out.config45.tcl/config45.tcl



# name: <cell-element>
# type: sq_string
# elements: 1
# length: 47
./loops_out/loop0/out.config46.tcl/config46.tcl



