# Created by Octave 4.2.2, Tue Feb 05 10:35:58 2019 -02 <leandro@aBitOfHell>
# name: constraints
# type: matrix
# rows: 168
# columns: 5
 1 1 1 1 1
 13 1 1 5 1
 13 1 1 6 1
 13 1 1 7 1
 13 1 1 8 1
 14 1 1 1 1
 14 1 1 2 1
 14 1 1 3 1
 14 1 1 4 1
 14 1 1 5 1
 14 1 1 6 1
 2 1 1 3 1
 14 1 1 7 1
 14 1 1 8 1
 15 1 1 1 1
 15 1 1 2 1
 15 1 1 3 1
 15 1 1 4 1
 15 1 1 5 1
 15 1 1 6 1
 15 1 1 7 1
 15 1 1 8 1
 2 1 1 4 1
 16 1 1 1 1
 16 1 1 2 1
 16 1 1 3 1
 16 1 1 4 1
 16 1 1 5 1
 16 1 1 6 1
 16 1 1 7 1
 16 1 1 8 1
 17 1 1 1 1
 17 1 1 2 1
 2 1 1 5 1
 17 1 1 3 1
 17 1 1 4 1
 17 1 1 5 1
 17 1 1 6 1
 17 1 1 7 1
 17 1 1 8 1
 18 1 1 1 1
 18 1 1 2 1
 18 1 1 3 1
 18 1 1 4 1
 2 1 1 6 1
 18 1 1 5 1
 18 1 1 6 1
 18 1 1 7 1
 18 1 1 8 1
 19 1 1 1 1
 19 1 1 2 1
 19 1 1 3 1
 19 1 1 4 1
 19 1 1 5 1
 19 1 1 6 1
 2 1 1 7 1
 19 1 1 7 1
 19 1 1 8 1
 20 1 1 1 1
 20 1 1 2 1
 20 1 1 3 1
 20 1 1 4 1
 20 1 1 5 1
 20 1 1 6 1
 20 1 1 7 1
 20 1 1 8 1
 2 1 1 8 1
 21 1 1 1 1
 21 1 1 2 1
 21 1 1 3 1
 21 1 1 4 1
 21 1 1 5 1
 21 1 1 6 1
 21 1 1 7 1
 21 1 1 8 1
 3 1 1 1 1
 3 1 1 2 1
 3 1 1 3 1
 3 1 1 4 1
 1 1 1 2 1
 3 1 1 5 1
 3 1 1 6 1
 3 1 1 7 1
 3 1 1 8 1
 4 1 1 1 1
 4 1 1 2 1
 4 1 1 3 1
 4 1 1 4 1
 4 1 1 5 1
 4 1 1 6 1
 1 1 1 3 1
 4 1 1 7 1
 4 1 1 8 1
 5 1 1 1 1
 5 1 1 2 1
 5 1 1 3 1
 5 1 1 4 1
 5 1 1 5 1
 5 1 1 6 1
 5 1 1 7 1
 5 1 1 8 1
 1 1 1 4 1
 6 1 1 1 1
 6 1 1 2 1
 6 1 1 3 1
 6 1 1 4 1
 6 1 1 5 1
 6 1 1 6 1
 6 1 1 7 1
 6 1 1 8 1
 7 1 1 1 1
 7 1 1 2 1
 1 1 1 5 1
 7 1 1 3 1
 7 1 1 4 1
 7 1 1 5 1
 7 1 1 6 1
 7 1 1 7 1
 7 1 1 8 1
 8 1 1 1 1
 8 1 1 2 1
 8 1 1 3 1
 8 1 1 4 1
 1 1 1 6 1
 8 1 1 5 1
 8 1 1 6 1
 8 1 1 7 1
 8 1 1 8 1
 9 1 1 1 1
 9 1 1 2 1
 9 1 1 3 1
 9 1 1 4 1
 9 1 1 5 1
 9 1 1 6 1
 1 1 1 7 1
 9 1 1 7 1
 9 1 1 8 1
 10 1 1 1 1
 10 1 1 2 1
 10 1 1 3 1
 10 1 1 4 1
 10 1 1 5 1
 10 1 1 6 1
 10 1 1 7 1
 10 1 1 8 1
 1 1 1 8 1
 11 1 1 1 1
 11 1 1 2 1
 11 1 1 3 1
 11 1 1 4 1
 11 1 1 5 1
 11 1 1 6 1
 11 1 1 7 1
 11 1 1 8 1
 12 1 1 1 1
 12 1 1 2 1
 2 1 1 1 1
 12 1 1 3 1
 12 1 1 4 1
 12 1 1 5 1
 12 1 1 6 1
 12 1 1 7 1
 12 1 1 8 1
 13 1 1 1 1
 13 1 1 2 1
 13 1 1 3 1
 13 1 1 4 1
 2 1 1 2 1


# name: metrics
# type: matrix
# rows: 168
# columns: 6
 4626 1869 2023 3145 0 0
 4186 3281 3661 5738 0 0
 4186 3751 4090 6644 0 0
 4186 2811 3160 4856 0 0
 4186 2811 3160 4856 0 0
 4386 3822 4166 6696 0 0
 4266 3356 3820 5745 0 0
 4226 3755 4093 6651 0 0
 4186 3281 3662 5738 0 0
 4186 3281 3661 5738 0 0
 4186 3751 4090 6644 0 0
 4346 2383 2602 4069 0 0
 4186 2811 3160 4856 0 0
 4186 2811 3160 4856 0 0
 4386 3822 4166 6696 0 0
 4266 3356 3820 5745 0 0
 4226 3755 4093 6651 0 0
 4186 3281 3662 5738 0 0
 4186 3281 3661 5738 0 0
 4186 3751 4090 6644 0 0
 4186 2811 3160 4856 0 0
 4186 2811 3160 4856 0 0
 4306 2382 2602 4066 0 0
 4386 3822 4166 6696 0 0
 4266 3356 3820 5745 0 0
 4226 3755 4093 6651 0 0
 4186 3281 3662 5738 0 0
 4186 3281 3661 5738 0 0
 4186 3751 4090 6644 0 0
 4186 2811 3160 4856 0 0
 4186 2811 3160 4856 0 0
 4386 3822 4166 6696 0 0
 4266 3356 3820 5745 0 0
 4306 2381 2602 4066 0 0
 4226 3755 4093 6651 0 0
 4186 3281 3662 5738 0 0
 4186 3281 3661 5738 0 0
 4186 3751 4090 6644 0 0
 4186 2811 3160 4856 0 0
 4186 2811 3160 4856 0 0
 4386 3822 4166 6696 0 0
 4266 3356 3820 5745 0 0
 4226 3755 4093 6651 0 0
 4186 3281 3662 5738 0 0
 4306 2379 2595 4061 0 0
 4186 3281 3661 5738 0 0
 4186 3751 4090 6644 0 0
 4186 2811 3160 4856 0 0
 4186 2811 3160 4856 0 0
 4386 3822 4166 6696 0 0
 4266 3356 3820 5745 0 0
 4226 3755 4093 6651 0 0
 4186 3281 3662 5738 0 0
 4186 3281 3661 5738 0 0
 4186 3751 4090 6644 0 0
 4266 2368 2593 4037 0 0
 4186 2811 3160 4856 0 0
 4186 2811 3160 4856 0 0
 4386 3822 4166 6696 0 0
 4266 3356 3820 5745 0 0
 4226 3755 4093 6651 0 0
 4186 3281 3662 5738 0 0
 4186 3281 3661 5738 0 0
 4186 3751 4090 6644 0 0
 4186 2811 3160 4856 0 0
 4186 2811 3160 4856 0 0
 4266 2368 2593 4037 0 0
 4386 3822 4166 6696 0 0
 4266 3356 3820 5745 0 0
 4226 3755 4093 6651 0 0
 4186 3281 3662 5738 0 0
 4186 3281 3661 5738 0 0
 4186 3751 4090 6644 0 0
 4186 2811 3160 4856 0 0
 4186 2811 3160 4856 0 0
 4466 2841 3144 4935 0 0
 4346 2829 3143 4915 0 0
 4306 2857 3225 4911 0 0
 4266 2855 3224 4908 0 0
 4506 1865 2018 3136 0 0
 4266 2855 3223 4908 0 0
 4266 2853 3222 4903 0 0
 4226 2818 3122 4901 0 0
 4226 2818 3122 4901 0 0
 4426 2864 3164 4976 0 0
 4306 2863 3162 4967 0 0
 4266 2821 3131 4921 0 0
 4226 2819 3129 4918 0 0
 4226 2819 3128 4918 0 0
 4226 2818 3127 4913 0 0
 4466 1862 2020 3132 0 0
 4226 2847 3108 4976 0 0
 4226 2847 3108 4976 0 0
 4426 2856 3203 4933 0 0
 4306 3392 3776 5834 0 0
 4266 3365 3747 5796 0 0
 4226 3364 3745 5793 0 0
 4226 3364 3744 5793 0 0
 4226 3361 3743 5788 0 0
 4186 2809 3123 4878 0 0
 4186 2809 3123 4878 0 0
 4426 1860 2018 3129 0 0
 4426 3386 3818 5809 0 0
 4306 2877 3213 4956 0 0
 4266 2840 3178 4899 0 0
 4226 2833 3175 4885 0 0
 4226 2833 3174 4885 0 0
 4226 2835 3173 4891 0 0
 4186 2857 3192 4921 0 0
 4186 2857 3192 4921 0 0
 4386 3353 3717 5797 0 0
 4266 2836 3260 4848 0 0
 4426 1859 2018 3129 0 0
 4226 3306 3766 5720 0 0
 4186 3307 3759 5717 0 0
 4186 3307 3758 5717 0 0
 4186 3303 3756 5712 0 0
 4186 2825 3200 4867 0 0
 4186 2825 3200 4867 0 0
 4386 3336 3736 5765 0 0
 4266 2826 3162 4880 0 0
 4226 3288 3664 5752 0 0
 4186 3281 3662 5738 0 0
 4426 1857 2017 3124 0 0
 4186 3281 3661 5738 0 0
 4186 3284 3661 5744 0 0
 4186 2811 3160 4856 0 0
 4186 2811 3160 4856 0 0
 4386 3822 4166 6696 0 0
 4266 3356 3820 5745 0 0
 4226 3755 4093 6651 0 0
 4186 3281 3662 5738 0 0
 4186 3281 3661 5738 0 0
 4186 3751 4090 6644 0 0
 4386 1858 2016 3122 0 0
 4186 2811 3160 4856 0 0
 4186 2811 3160 4856 0 0
 4386 3822 4166 6696 0 0
 4266 3356 3820 5745 0 0
 4226 3755 4093 6651 0 0
 4186 3281 3662 5738 0 0
 4186 3281 3661 5738 0 0
 4186 3751 4090 6644 0 0
 4186 2811 3160 4856 0 0
 4186 2811 3160 4856 0 0
 4386 1858 2016 3122 0 0
 4386 3822 4166 6696 0 0
 4266 3356 3820 5745 0 0
 4226 3755 4093 6651 0 0
 4186 3281 3662 5738 0 0
 4186 3281 3661 5738 0 0
 4186 3751 4090 6644 0 0
 4186 2811 3160 4856 0 0
 4186 2811 3160 4856 0 0
 4386 3822 4166 6696 0 0
 4266 3356 3820 5745 0 0
 4506 2390 2604 4082 0 0
 4226 3755 4093 6651 0 0
 4186 3281 3662 5738 0 0
 4186 3281 3661 5738 0 0
 4186 3751 4090 6644 0 0
 4186 2811 3160 4856 0 0
 4186 2811 3160 4856 0 0
 4386 3822 4166 6696 0 0
 4266 3356 3820 5745 0 0
 4226 3755 4093 6651 0 0
 4186 3281 3662 5738 0 0
 4386 2387 2601 4073 0 0


# name: configFiles
# type: cell
# rows: 1
# columns: 168
# name: <cell-element>
# type: sq_string
# elements: 1
# length: 45
./loops_out/loop0/out.config0.tcl/config0.tcl



# name: <cell-element>
# type: sq_string
# elements: 1
# length: 49
./loops_out/loop0/out.config100.tcl/config100.tcl



# name: <cell-element>
# type: sq_string
# elements: 1
# length: 49
./loops_out/loop0/out.config101.tcl/config101.tcl



# name: <cell-element>
# type: sq_string
# elements: 1
# length: 49
./loops_out/loop0/out.config102.tcl/config102.tcl



# name: <cell-element>
# type: sq_string
# elements: 1
# length: 49
./loops_out/loop0/out.config103.tcl/config103.tcl



# name: <cell-element>
# type: sq_string
# elements: 1
# length: 49
./loops_out/loop0/out.config104.tcl/config104.tcl



# name: <cell-element>
# type: sq_string
# elements: 1
# length: 49
./loops_out/loop0/out.config105.tcl/config105.tcl



# name: <cell-element>
# type: sq_string
# elements: 1
# length: 49
./loops_out/loop0/out.config106.tcl/config106.tcl



# name: <cell-element>
# type: sq_string
# elements: 1
# length: 49
./loops_out/loop0/out.config107.tcl/config107.tcl



# name: <cell-element>
# type: sq_string
# elements: 1
# length: 49
./loops_out/loop0/out.config108.tcl/config108.tcl



# name: <cell-element>
# type: sq_string
# elements: 1
# length: 49
./loops_out/loop0/out.config109.tcl/config109.tcl



# name: <cell-element>
# type: sq_string
# elements: 1
# length: 47
./loops_out/loop0/out.config10.tcl/config10.tcl



# name: <cell-element>
# type: sq_string
# elements: 1
# length: 49
./loops_out/loop0/out.config110.tcl/config110.tcl



