# Created by Octave 4.2.2, Thu Mar 21 01:30:08 2019 -03 <leandro@aBitOfHell>
# name: constraints
# type: matrix
# rows: 177
# columns: 5
 1 1 1 1 1
 1 5 2 1 1
 1 5 2 1 2
 1 5 2 1 3
 1 5 2 1 4
 1 5 3 1 1
 1 5 3 1 2
 1 5 3 1 3
 1 5 3 1 4
 1 5 4 1 1
 1 5 4 1 2
 1 1 3 1 3
 1 5 4 1 3
 1 5 4 1 4
 1 5 5 1 1
 1 5 5 1 2
 1 5 5 1 3
 1 5 5 1 4
 1 5 6 1 1
 1 5 6 1 2
 1 5 6 1 3
 1 5 6 1 4
 1 1 3 1 4
 1 6 1 1 1
 1 6 3 1 1
 1 6 3 1 2
 1 1 4 1 1
 1 6 3 1 3
 1 6 3 1 4
 1 6 4 1 1
 1 6 4 1 4
 1 6 5 1 1
 1 6 5 1 2
 1 6 5 1 3
 1 6 5 1 4
 1 1 4 1 2
 1 6 6 1 1
 1 6 6 1 2
 1 6 6 1 3
 1 6 6 1 4
 1 7 1 1 1
 1 7 1 1 2
 1 7 1 1 3
 1 7 1 1 4
 1 7 2 1 1
 1 7 2 1 2
 1 1 4 1 3
 1 7 2 1 3
 1 7 2 1 4
 1 7 3 1 1
 1 7 3 1 2
 1 7 3 1 3
 1 7 3 1 4
 1 7 4 1 1
 1 7 4 1 2
 1 7 4 1 3
 1 7 4 1 4
 1 1 4 1 4
 1 7 5 1 1
 1 7 5 1 2
 1 7 5 1 3
 1 7 5 1 4
 1 7 6 1 1
 1 7 6 1 2
 1 7 6 1 3
 1 7 6 1 4
 1 8 1 1 1
 1 8 1 1 2
 1 1 5 1 1
 1 8 1 1 3
 1 8 1 1 4
 1 8 2 1 1
 1 8 2 1 2
 1 8 2 1 3
 1 8 2 1 4
 1 8 3 1 1
 1 8 3 1 2
 1 8 3 1 3
 1 8 3 1 4
 1 1 5 1 2
 1 8 4 1 1
 1 8 4 1 2
 1 8 4 1 3
 1 8 4 1 4
 1 8 5 1 1
 1 8 5 1 2
 1 8 5 1 3
 1 8 5 1 4
 1 8 6 1 1
 1 8 6 1 2
 1 1 5 1 3
 1 8 6 1 3
 1 8 6 1 4
 1 1 5 1 4
 1 1 1 1 2
 1 1 6 1 1
 1 1 6 1 2
 1 1 6 1 3
 1 1 6 1 4
 1 2 1 1 1
 1 2 1 1 2
 1 2 1 1 3
 1 2 1 1 4
 1 2 2 1 1
 1 2 2 1 2
 1 1 1 1 3
 1 2 2 1 3
 1 2 2 1 4
 1 2 3 1 1
 1 2 3 1 2
 1 2 3 1 3
 1 2 3 1 4
 1 2 4 1 1
 1 2 4 1 2
 1 2 4 1 3
 1 2 4 1 4
 1 1 1 1 4
 1 2 5 1 1
 1 2 5 1 2
 1 2 5 1 3
 1 2 5 1 4
 1 2 6 1 1
 1 2 6 1 2
 1 2 6 1 3
 1 2 6 1 4
 1 3 1 1 1
 1 3 1 1 2
 1 1 2 1 1
 1 3 1 1 3
 1 3 1 1 4
 1 3 2 1 1
 1 3 2 1 2
 1 3 2 1 3
 1 3 2 1 4
 1 3 3 1 1
 1 3 3 1 2
 1 3 3 1 3
 1 3 3 1 4
 1 1 2 1 2
 1 3 4 1 1
 1 3 4 1 2
 1 3 4 1 3
 1 3 4 1 4
 1 3 5 1 1
 1 3 5 1 2
 1 3 5 1 3
 1 4 1 1 1
 1 4 1 1 2
 1 4 1 1 3
 1 4 1 1 4
 1 4 2 1 1
 1 4 2 1 2
 1 4 2 1 3
 1 4 2 1 4
 1 1 2 1 4
 1 4 3 1 1
 1 4 3 1 2
 1 4 3 1 3
 1 4 3 1 4
 1 4 4 1 1
 1 4 4 1 2
 1 4 4 1 3
 1 4 4 1 4
 1 4 5 1 1
 1 4 5 1 2
 1 1 3 1 1
 1 4 5 1 3
 1 4 5 1 4
 1 4 6 1 1
 1 4 6 1 2
 1 4 6 1 3
 1 4 6 1 4
 1 5 1 1 1
 1 5 1 1 2
 1 5 1 1 3
 1 5 1 1 4
 1 1 3 1 2


# name: metrics
# type: matrix
# rows: 177
# columns: 6
 470 3578 6815 1544 6400 0
 464 3446 6744 963 6400 0
 464 3446 6744 963 6400 0
 464 3446 6744 963 6400 0
 464 3446 6744 963 6400 0
 464 3446 6744 963 6400 0
 464 3446 6744 963 6400 0
 464 3446 6744 963 6400 0
 464 3446 6744 963 6400 0
 464 3446 6744 963 6400 0
 464 3446 6744 963 6400 0
 470 3484 6687 1238 6400 0
 464 3446 6744 963 6400 0
 464 3446 6744 963 6400 0
 464 3446 6744 963 6400 0
 464 3446 6744 963 6400 0
 464 3446 6744 963 6400 0
 464 3446 6744 963 6400 0
 464 3446 6744 963 6400 0
 464 3446 6744 963 6400 0
 464 3446 6744 963 6400 0
 464 3446 6744 963 6400 0
 470 3484 6687 1238 6400 0
 464 3455 6743 1026 6400 0
 464 3444 6743 962 6400 0
 464 3444 6743 962 6400 0
 470 3484 6687 1238 6400 0
 464 3444 6743 962 6400 0
 464 3444 6743 962 6400 0
 464 3444 6743 962 6400 0
 464 3444 6743 962 6400 0
 464 3444 6743 962 6400 0
 464 3444 6743 962 6400 0
 464 3444 6743 962 6400 0
 464 3444 6743 962 6400 0
 470 3484 6687 1238 6400 0
 464 3444 6743 962 6400 0
 464 3444 6743 962 6400 0
 464 3444 6743 962 6400 0
 464 3444 6743 962 6400 0
 464 3455 6742 1026 6400 0
 464 3455 6742 1026 6400 0
 464 3455 6742 1026 6400 0
 464 3455 6742 1026 6400 0
 464 3444 6742 962 6400 0
 464 3444 6742 962 6400 0
 470 3484 6687 1238 6400 0
 464 3444 6742 962 6400 0
 464 3444 6742 962 6400 0
 464 3444 6742 962 6400 0
 464 3444 6742 962 6400 0
 464 3444 6742 962 6400 0
 464 3444 6742 962 6400 0
 464 3444 6742 962 6400 0
 464 3444 6742 962 6400 0
 464 3444 6742 962 6400 0
 464 3444 6742 962 6400 0
 470 3484 6687 1238 6400 0
 464 3444 6742 962 6400 0
 464 3444 6742 962 6400 0
 464 3444 6742 962 6400 0
 464 3444 6742 962 6400 0
 464 3444 6742 962 6400 0
 464 3444 6742 962 6400 0
 464 3444 6742 962 6400 0
 464 3444 6742 962 6400 0
 464 3455 6742 1026 6400 0
 464 3455 6742 1026 6400 0
 470 3484 6687 1238 6400 0
 464 3455 6742 1026 6400 0
 464 3455 6742 1026 6400 0
 464 3444 6742 962 6400 0
 464 3444 6742 962 6400 0
 464 3444 6742 962 6400 0
 464 3444 6742 962 6400 0
 464 3444 6742 962 6400 0
 464 3444 6742 962 6400 0
 464 3444 6742 962 6400 0
 464 3444 6742 962 6400 0
 470 3484 6687 1238 6400 0
 464 3444 6742 962 6400 0
 464 3444 6742 962 6400 0
 464 3444 6742 962 6400 0
 464 3444 6742 962 6400 0
 464 3444 6742 962 6400 0
 464 3444 6742 962 6400 0
 464 3444 6742 962 6400 0
 464 3444 6742 962 6400 0
 464 3444 6742 962 6400 0
 464 3444 6742 962 6400 0
 470 3484 6687 1238 6400 0
 464 3444 6742 962 6400 0
 464 3444 6742 962 6400 0
 470 3484 6687 1238 6400 0
 470 3578 6815 1544 6400 0
 470 3484 6687 1238 6400 0
 470 3484 6687 1238 6400 0
 470 3484 6687 1238 6400 0
 470 3484 6687 1238 6400 0
 464 3473 6750 1106 6400 0
 464 3471 6748 1090 6400 0
 464 3471 6748 1090 6400 0
 464 3471 6748 1090 6400 0
 464 3473 6750 1106 6400 0
 464 3449 6748 962 6400 0
 470 3578 6815 1544 6400 0
 464 3449 6748 962 6400 0
 464 3449 6748 962 6400 0
 464 3473 6750 1106 6400 0
 464 3449 6748 962 6400 0
 464 3449 6748 962 6400 0
 464 3449 6748 962 6400 0
 464 3473 6750 1106 6400 0
 464 3449 6748 962 6400 0
 464 3449 6748 962 6400 0
 464 3449 6748 962 6400 0
 470 3578 6815 1544 6400 0
 464 3473 6750 1106 6400 0
 464 3449 6748 962 6400 0
 464 3449 6748 962 6400 0
 464 3449 6748 962 6400 0
 464 3473 6750 1106 6400 0
 464 3449 6748 962 6400 0
 464 3449 6748 962 6400 0
 464 3449 6748 962 6400 0
 464 2688 5209 963 6400 0
 464 2688 5209 963 6400 0
 470 3484 6687 1238 6400 0
 464 2688 5209 963 6400 0
 464 2688 5209 963 6400 0
 464 2677 5209 899 6400 0
 464 2677 5209 899 6400 0
 464 2677 5209 899 6400 0
 464 2677 5209 899 6400 0
 464 2677 5209 899 6400 0
 464 2677 5209 899 6400 0
 464 2677 5209 899 6400 0
 464 2677 5209 899 6400 0
 470 3484 6687 1238 6400 0
 464 2677 5209 899 6400 0
 464 2677 5209 899 6400 0
 464 2677 5209 899 6400 0
 464 2677 5209 899 6400 0
 464 2677 5209 899 6400 0
 464 2677 5209 899 6400 0
 464 2677 5209 899 6400 0
 464 3455 6743 1029 6400 0
 464 3455 6743 1029 6400 0
 464 3455 6743 1029 6400 0
 464 3455 6743 1029 6400 0
 464 3444 6742 965 6400 0
 464 3444 6742 965 6400 0
 464 3444 6742 965 6400 0
 464 3444 6742 965 6400 0
 470 3484 6687 1238 6400 0
 464 3444 6742 965 6400 0
 464 3444 6742 965 6400 0
 464 3444 6742 965 6400 0
 464 3444 6742 965 6400 0
 464 3444 6742 965 6400 0
 464 3444 6742 965 6400 0
 464 3444 6742 965 6400 0
 464 3444 6742 965 6400 0
 464 3444 6742 965 6400 0
 464 3444 6742 965 6400 0
 470 3484 6687 1238 6400 0
 464 3444 6742 965 6400 0
 464 3444 6742 965 6400 0
 464 3444 6742 965 6400 0
 464 3444 6742 965 6400 0
 464 3444 6742 965 6400 0
 464 3444 6742 965 6400 0
 464 3457 6745 1027 6400 0
 464 3457 6745 1027 6400 0
 464 3457 6745 1027 6400 0
 464 3457 6745 1027 6400 0
 470 3484 6687 1238 6400 0


# name: configFiles
# type: cell
# rows: 1
# columns: 177
# name: <cell-element>
# type: sq_string
# elements: 1
# length: 45
./loops_out/loop0/out.config0.tcl/config0.tcl



# name: <cell-element>
# type: sq_string
# elements: 1
# length: 49
./loops_out/loop0/out.config100.tcl/config100.tcl



# name: <cell-element>
# type: sq_string
# elements: 1
# length: 49
./loops_out/loop0/out.config101.tcl/config101.tcl



# name: <cell-element>
# type: sq_string
# elements: 1
# length: 49
./loops_out/loop0/out.config102.tcl/config102.tcl



# name: <cell-element>
# type: sq_string
# elements: 1
# length: 49
./loops_out/loop0/out.config103.tcl/config103.tcl



# name: <cell-element>
# type: sq_string
# elements: 1
# length: 49
./loops_out/loop0/out.config104.tcl/config104.tcl



# name: <cell-element>
# type: sq_string
# elements: 1
# length: 49
./loops_out/loop0/out.config105.tcl/config105.tcl



# name: <cell-element>
# type: sq_string
# elements: 1
# length: 49
./loops_out/loop0/out.config106.tcl/config106.tcl



# name: <cell-element>
# type: sq_string
# elements: 1
# length: 49
./loops_out/loop0/out.config107.tcl/config107.tcl



