# Created by Octave 4.2.2, Mon Mar 11 04:28:23 2019 -03 <leandro@aBitOfHell>
# name: constraints
# type: matrix
# rows: 168
# columns: 5
 1 1 1 1 1
 13 1 1 5 1
 13 1 1 6 1
 13 1 1 7 1
 13 1 1 8 1
 14 1 1 1 1
 14 1 1 2 1
 14 1 1 3 1
 14 1 1 4 1
 14 1 1 5 1
 14 1 1 6 1
 2 1 1 3 1
 14 1 1 7 1
 14 1 1 8 1
 15 1 1 1 1
 15 1 1 2 1
 15 1 1 3 1
 15 1 1 4 1
 15 1 1 5 1
 15 1 1 6 1
 15 1 1 7 1
 15 1 1 8 1
 2 1 1 4 1
 16 1 1 1 1
 16 1 1 2 1
 16 1 1 3 1
 16 1 1 4 1
 16 1 1 5 1
 16 1 1 6 1
 16 1 1 7 1
 16 1 1 8 1
 17 1 1 1 1
 17 1 1 2 1
 2 1 1 5 1
 17 1 1 3 1
 17 1 1 4 1
 17 1 1 5 1
 17 1 1 6 1
 17 1 1 7 1
 17 1 1 8 1
 18 1 1 1 1
 18 1 1 2 1
 18 1 1 3 1
 18 1 1 4 1
 2 1 1 6 1
 18 1 1 5 1
 18 1 1 6 1
 18 1 1 7 1
 18 1 1 8 1
 19 1 1 1 1
 19 1 1 2 1
 19 1 1 3 1
 19 1 1 4 1
 19 1 1 5 1
 19 1 1 6 1
 2 1 1 7 1
 19 1 1 7 1
 19 1 1 8 1
 20 1 1 1 1
 20 1 1 2 1
 20 1 1 3 1
 20 1 1 4 1
 20 1 1 5 1
 20 1 1 6 1
 20 1 1 7 1
 20 1 1 8 1
 2 1 1 8 1
 21 1 1 1 1
 21 1 1 2 1
 21 1 1 3 1
 21 1 1 4 1
 21 1 1 5 1
 21 1 1 6 1
 21 1 1 7 1
 21 1 1 8 1
 3 1 1 1 1
 3 1 1 2 1
 3 1 1 3 1
 3 1 1 4 1
 1 1 1 2 1
 3 1 1 5 1
 3 1 1 6 1
 3 1 1 7 1
 3 1 1 8 1
 4 1 1 1 1
 4 1 1 2 1
 4 1 1 3 1
 4 1 1 4 1
 4 1 1 5 1
 4 1 1 6 1
 1 1 1 3 1
 4 1 1 7 1
 4 1 1 8 1
 5 1 1 1 1
 5 1 1 2 1
 5 1 1 3 1
 5 1 1 4 1
 5 1 1 5 1
 5 1 1 6 1
 5 1 1 7 1
 5 1 1 8 1
 1 1 1 4 1
 6 1 1 1 1
 6 1 1 2 1
 6 1 1 3 1
 6 1 1 4 1
 6 1 1 5 1
 6 1 1 6 1
 6 1 1 7 1
 6 1 1 8 1
 7 1 1 1 1
 7 1 1 2 1
 1 1 1 5 1
 7 1 1 3 1
 7 1 1 4 1
 7 1 1 5 1
 7 1 1 6 1
 7 1 1 7 1
 7 1 1 8 1
 8 1 1 1 1
 8 1 1 2 1
 8 1 1 3 1
 8 1 1 4 1
 1 1 1 6 1
 8 1 1 5 1
 8 1 1 6 1
 8 1 1 7 1
 8 1 1 8 1
 9 1 1 1 1
 9 1 1 2 1
 9 1 1 3 1
 9 1 1 4 1
 9 1 1 5 1
 9 1 1 6 1
 1 1 1 7 1
 9 1 1 7 1
 9 1 1 8 1
 10 1 1 1 1
 10 1 1 2 1
 10 1 1 3 1
 10 1 1 4 1
 10 1 1 5 1
 10 1 1 6 1
 10 1 1 7 1
 10 1 1 8 1
 1 1 1 8 1
 11 1 1 1 1
 11 1 1 2 1
 11 1 1 3 1
 11 1 1 4 1
 11 1 1 5 1
 11 1 1 6 1
 11 1 1 7 1
 11 1 1 8 1
 12 1 1 1 1
 12 1 1 2 1
 2 1 1 1 1
 12 1 1 3 1
 12 1 1 4 1
 12 1 1 5 1
 12 1 1 6 1
 12 1 1 7 1
 12 1 1 8 1
 13 1 1 1 1
 13 1 1 2 1
 13 1 1 3 1
 13 1 1 4 1
 2 1 1 2 1


# name: metrics
# type: matrix
# rows: 168
# columns: 6
 1302 2026 2171 3371 0 0
 1289 3877 4211 6832 0 0
 1289 3869 4193 6832 0 0
 1289 3864 4175 6836 0 0
 1289 3864 4175 6836 0 0
 1292 3856 4249 6810 0 0
 1290 4429 4971 7730 0 0
 1290 3868 4194 6837 0 0
 1289 3878 4212 6834 0 0
 1289 3877 4211 6832 0 0
 1289 3869 4193 6832 0 0
 1295 2514 2685 4305 0 0
 1289 3864 4175 6836 0 0
 1289 3864 4175 6836 0 0
 1292 3856 4249 6810 0 0
 1290 4429 4971 7730 0 0
 1290 3868 4194 6837 0 0
 1289 3878 4212 6834 0 0
 1289 3877 4211 6832 0 0
 1289 3869 4193 6832 0 0
 1289 3864 4175 6836 0 0
 1289 3864 4175 6836 0 0
 1295 2512 2681 4303 0 0
 1292 3856 4249 6810 0 0
 1290 4429 4971 7730 0 0
 1290 3868 4194 6837 0 0
 1289 3878 4212 6834 0 0
 1289 3877 4211 6832 0 0
 1289 3869 4193 6832 0 0
 1289 3864 4175 6836 0 0
 1289 3864 4175 6836 0 0
 1292 3856 4249 6810 0 0
 1290 4429 4971 7730 0 0
 1295 2512 2681 4302 0 0
 1290 3868 4194 6837 0 0
 1289 3878 4212 6834 0 0
 1289 3877 4211 6832 0 0
 1289 3869 4193 6832 0 0
 1289 3864 4175 6836 0 0
 1289 3864 4175 6836 0 0
 1292 3856 4249 6810 0 0
 1290 4429 4971 7730 0 0
 1290 3868 4194 6837 0 0
 1289 3878 4212 6834 0 0
 1295 2516 2675 4299 0 0
 1289 3877 4211 6832 0 0
 1289 3869 4193 6832 0 0
 1289 3864 4175 6836 0 0
 1289 3864 4175 6836 0 0
 1292 3856 4249 6810 0 0
 1290 4429 4971 7730 0 0
 1290 3868 4194 6837 0 0
 1289 3878 4212 6834 0 0
 1289 3877 4211 6832 0 0
 1289 3869 4193 6832 0 0
 1295 2511 2668 4303 0 0
 1289 3864 4175 6836 0 0
 1289 3864 4175 6836 0 0
 1292 3856 4249 6810 0 0
 1290 4429 4971 7730 0 0
 1290 3868 4194 6837 0 0
 1289 3878 4212 6834 0 0
 1289 3877 4211 6832 0 0
 1289 3869 4193 6832 0 0
 1289 3864 4175 6836 0 0
 1289 3864 4175 6836 0 0
 1295 2511 2668 4303 0 0
 1292 3856 4249 6810 0 0
 1290 4429 4971 7730 0 0
 1290 3868 4194 6837 0 0
 1289 3878 4212 6834 0 0
 1289 3877 4211 6832 0 0
 1289 3869 4193 6832 0 0
 1289 3864 4175 6836 0 0
 1289 3864 4175 6836 0 0
 1293 2987 3349 5102 0 0
 1294 2994 3311 5147 0 0
 1293 2978 3308 5125 0 0
 1293 3003 3262 5187 0 0
 1302 2005 2101 3394 0 0
 1293 3002 3260 5186 0 0
 1293 2966 3284 5108 0 0
 1293 2977 3309 5112 0 0
 1293 2977 3309 5112 0 0
 1292 3450 3776 5968 0 0
 1292 3522 3874 6012 0 0
 1292 3456 3773 5961 0 0
 1292 3484 3819 5991 0 0
 1292 3484 3820 5989 0 0
 1290 3459 3891 5902 0 0
 1301 2049 2162 3425 0 0
 1290 3458 3884 5906 0 0
 1290 3458 3884 5906 0 0
 1292 3856 4249 6810 0 0
 1291 3885 4231 6825 0 0
 1290 3868 4194 6837 0 0
 1289 3878 4212 6834 0 0
 1289 3877 4211 6832 0 0
 1289 3869 4193 6832 0 0
 1289 3864 4175 6836 0 0
 1289 3864 4175 6836 0 0
 1301 2010 2105 3423 0 0
 1292 3856 4249 6810 0 0
 1290 4429 4971 7730 0 0
 1290 3868 4194 6837 0 0
 1289 3878 4212 6834 0 0
 1289 3877 4211 6832 0 0
 1289 3869 4193 6832 0 0
 1289 3864 4175 6836 0 0
 1289 3864 4175 6836 0 0
 1292 3856 4249 6810 0 0
 1290 4429 4971 7730 0 0
 1301 2044 2176 3433 0 0
 1290 3868 4194 6837 0 0
 1289 3878 4212 6834 0 0
 1289 3877 4211 6832 0 0
 1289 3869 4193 6832 0 0
 1289 3864 4175 6836 0 0
 1289 3864 4175 6836 0 0
 1292 3856 4249 6810 0 0
 1290 4429 4971 7730 0 0
 1290 3868 4194 6837 0 0
 1289 3878 4212 6834 0 0
 1301 2040 2159 3432 0 0
 1289 3877 4211 6832 0 0
 1289 3869 4193 6832 0 0
 1289 3864 4175 6836 0 0
 1289 3864 4175 6836 0 0
 1292 3856 4249 6810 0 0
 1290 4429 4971 7730 0 0
 1290 3868 4194 6837 0 0
 1289 3878 4212 6834 0 0
 1289 3877 4211 6832 0 0
 1289 3869 4193 6832 0 0
 1301 2019 2104 3424 0 0
 1289 3864 4175 6836 0 0
 1289 3864 4175 6836 0 0
 1292 3856 4249 6810 0 0
 1290 4429 4971 7730 0 0
 1290 3868 4194 6837 0 0
 1289 3878 4212 6834 0 0
 1289 3877 4211 6832 0 0
 1289 3869 4193 6832 0 0
 1289 3864 4175 6836 0 0
 1289 3864 4175 6836 0 0
 1301 2019 2104 3424 0 0
 1292 3856 4249 6810 0 0
 1290 4429 4971 7730 0 0
 1290 3868 4194 6837 0 0
 1289 3878 4212 6834 0 0
 1289 3877 4211 6832 0 0
 1289 3869 4193 6832 0 0
 1289 3864 4175 6836 0 0
 1289 3864 4175 6836 0 0
 1292 3856 4249 6810 0 0
 1290 4429 4971 7730 0 0
 1296 2459 2702 4187 0 0
 1290 3868 4194 6837 0 0
 1289 3878 4212 6834 0 0
 1289 3877 4211 6832 0 0
 1289 3869 4193 6832 0 0
 1289 3864 4175 6836 0 0
 1289 3864 4175 6836 0 0
 1292 3856 4249 6810 0 0
 1290 4429 4971 7730 0 0
 1290 3868 4194 6837 0 0
 1289 3878 4212 6834 0 0
 1296 2513 2695 4295 0 0


# name: configFiles
# type: cell
# rows: 1
# columns: 168
# name: <cell-element>
# type: sq_string
# elements: 1
# length: 45
./loops_out/loop0/out.config0.tcl/config0.tcl



# name: <cell-element>
# type: sq_string
# elements: 1
# length: 49
./loops_out/loop0/out.config100.tcl/config100.tcl



# name: <cell-element>
# type: sq_string
# elements: 1
# length: 49
./loops_out/loop0/out.config101.tcl/config101.tcl



# name: <cell-element>
# type: sq_string
# elements: 1
# length: 49
./loops_out/loop0/out.config102.tcl/config102.tcl



# name: <cell-element>
# type: sq_string
# elements: 1
# length: 49
./loops_out/loop0/out.config103.tcl/config103.tcl



# name: <cell-element>
# type: sq_string
# elements: 1
# length: 49
./loops_out/loop0/out.config104.tcl/config104.tcl



# name: <cell-element>
# type: sq_string
# elements: 1
# length: 49
./loops_out/loop0/out.config105.tcl/config105.tcl



# name: <cell-element>
# type: sq_string
# elements: 1
# length: 49
./loops_out/loop0/out.config106.tcl/config106.tcl



# name: <cell-element>
# type: sq_string
# elements: 1
# length: 49
./loops_out/loop0/out.config107.tcl/config107.tcl



# name: <cell-element>
# type: sq_string
# elements: 1
# length: 49
./loops_out/loop0/out.config108.tcl/config108.tcl



# name: <cell-element>
# type: sq_string
# elements: 1
# length: 49
./loops_out/loop0/out.config109.tcl/config109.tcl



# name: <cell-element>
# type: sq_string
# elements: 1
# length: 47
./loops_out/loop0/out.config10.tcl/config10.tcl



# name: <cell-element>
# type: sq_string
# elements: 1
# length: 49
./loops_out/loop0/out.config110.tcl/config110.tcl



