# Created by Octave 4.2.2, Sat Oct 12 20:33:50 2019 CEST <leandro@aBitOfHell>
# name: constraints
# type: matrix
# rows: 128
# columns: 5
 1 1 1 1 1
 1 7 2 1 1
 1 7 2 1 2
 1 7 2 1 3
 1 7 2 1 4
 1 7 3 1 1
 1 7 3 1 2
 1 7 3 1 3
 1 7 3 1 4
 1 7 4 1 1
 1 7 4 1 2
 1 1 3 1 3
 1 7 4 1 3
 1 7 4 1 4
 1 8 1 1 1
 1 8 1 1 2
 1 8 1 1 3
 1 8 1 1 4
 1 8 2 1 1
 1 8 2 1 2
 1 8 2 1 3
 1 8 2 1 4
 1 1 3 1 4
 1 8 3 1 1
 1 8 3 1 2
 1 8 3 1 3
 1 8 3 1 4
 1 8 4 1 1
 1 8 4 1 2
 1 8 4 1 3
 1 8 4 1 4
 1 1 4 1 1
 1 1 4 1 2
 1 1 4 1 3
 1 1 4 1 4
 1 2 1 1 1
 1 2 1 1 2
 1 2 1 1 3
 1 2 1 1 4
 1 1 1 1 2
 1 2 2 1 1
 1 2 2 1 2
 1 2 2 1 3
 1 2 2 1 4
 1 2 3 1 1
 1 2 3 1 2
 1 2 3 1 3
 1 2 3 1 4
 1 2 4 1 1
 1 2 4 1 2
 1 1 1 1 3
 1 2 4 1 3
 1 2 4 1 4
 1 3 1 1 1
 1 3 1 1 2
 1 3 1 1 3
 1 3 1 1 4
 1 3 2 1 1
 1 3 2 1 2
 1 3 2 1 3
 1 3 2 1 4
 1 1 1 1 4
 1 3 3 1 1
 1 3 3 1 2
 1 3 3 1 3
 1 3 3 1 4
 1 3 4 1 1
 1 3 4 1 2
 1 3 4 1 3
 1 3 4 1 4
 1 4 1 1 1
 1 4 1 1 2
 1 1 2 1 1
 1 4 1 1 3
 1 4 1 1 4
 1 4 2 1 1
 1 4 2 1 2
 1 4 2 1 3
 1 4 2 1 4
 1 4 3 1 1
 1 4 3 1 2
 1 4 3 1 3
 1 4 3 1 4
 1 1 2 1 2
 1 4 4 1 1
 1 4 4 1 2
 1 4 4 1 3
 1 4 4 1 4
 1 5 1 1 1
 1 5 1 1 2
 1 5 1 1 3
 1 5 1 1 4
 1 5 2 1 1
 1 5 2 1 2
 1 1 2 1 3
 1 5 2 1 3
 1 5 2 1 4
 1 5 3 1 1
 1 5 3 1 2
 1 5 3 1 3
 1 5 3 1 4
 1 5 4 1 1
 1 5 4 1 2
 1 5 4 1 3
 1 5 4 1 4
 1 1 2 1 4
 1 6 1 1 1
 1 6 1 1 2
 1 6 1 1 3
 1 6 1 1 4
 1 6 2 1 1
 1 6 2 1 2
 1 6 2 1 3
 1 6 2 1 4
 1 6 3 1 1
 1 6 3 1 2
 1 1 3 1 1
 1 6 3 1 3
 1 6 3 1 4
 1 6 4 1 1
 1 6 4 1 2
 1 6 4 1 3
 1 6 4 1 4
 1 7 1 1 1
 1 7 1 1 2
 1 7 1 1 3
 1 7 1 1 4
 1 1 3 1 2


# name: metrics
# type: matrix
# rows: 128
# columns: 6
 438 3184 2889 6071 3200 0
 246 3094 2874 5892 3200 0
 242 7644 6008 14207 3200 0
 242 8037 7943 15222 3200 0
 242 8343 9849 16089 3200 0
 242 3033 2840 5770 3200 0
 242 7676 5976 14271 3200 0
 242 8053 7911 15254 3200 0
 238 8239 9814 15871 3200 0
 238 3006 2831 5706 3200 0
 238 7649 5966 14207 3200 0
 430 8095 7955 15337 3200 0
 238 8025 7901 15190 3200 0
 234 8212 9805 15807 3200 0
 246 3127 2876 5957 3200 0
 242 7693 6009 14304 3200 0
 242 8069 7944 15287 3200 0
 242 8360 9850 16122 3200 0
 246 3094 2874 5892 3200 0
 242 7644 6008 14207 3200 0
 242 8037 7943 15222 3200 0
 242 8343 9849 16089 3200 0
 422 8289 9858 15982 3200 0
 242 3033 2840 5770 3200 0
 242 7676 5976 14271 3200 0
 242 8053 7911 15254 3200 0
 238 8239 9814 15871 3200 0
 238 3006 2831 5706 3200 0
 238 7649 5966 14207 3200 0
 238 8025 7901 15190 3200 0
 234 8212 9805 15807 3200 0
 422 3054 2875 5813 3200 0
 422 7684 6010 14286 3200 0
 422 8061 7946 15269 3200 0
 414 8255 9849 15914 3200 0
 254 3207 2886 6117 3200 0
 250 7791 6022 14497 3200 0
 250 8152 7953 15448 3200 0
 250 8442 9859 16283 3200 0
 430 7751 6021 14418 3200 0
 254 3174 2884 6052 3200 0
 250 7742 6021 14400 3200 0
 250 8103 7952 15351 3200 0
 250 8409 9858 16218 3200 0
 250 3112 2882 5930 3200 0
 250 7758 6021 14432 3200 0
 250 8119 7952 15383 3200 0
 246 8331 9855 16064 3200 0
 246 3080 2873 5866 3200 0
 246 7726 6012 14368 3200 0
 430 8127 7957 15401 3200 0
 246 8087 7943 15319 3200 0
 242 8299 9846 16000 3200 0
 250 3170 2884 6042 3200 0
 250 7800 6023 14513 3200 0
 250 8160 7954 15463 3200 0
 250 8447 9860 16291 3200 0
 250 3137 2883 5977 3200 0
 246 7690 6019 14294 3200 0
 246 8066 7950 15276 3200 0
 246 8369 9857 16136 3200 0
 430 8417 9863 16236 3200 0
 246 3076 2880 5855 3200 0
 246 7722 6019 14358 3200 0
 246 8082 7950 15308 3200 0
 246 8321 9856 16040 3200 0
 242 3043 2870 5791 3200 0
 242 7689 6009 14294 3200 0
 242 8050 7940 15244 3200 0
 242 8289 9846 15976 3200 0
 246 3106 2877 5916 3200 0
 246 7751 6015 14419 3200 0
 438 3152 2886 6007 3200 0
 246 8127 7948 15400 3200 0
 246 8417 9854 16235 3200 0
 246 3089 2876 5883 3200 0
 242 7625 5979 14168 3200 0
 242 8016 7912 15181 3200 0
 242 8323 9819 16048 3200 0
 242 3017 2841 5729 3200 0
 242 7662 5979 14232 3200 0
 242 8038 7912 15213 3200 0
 242 8291 9818 15984 3200 0
 430 7687 6019 14290 3200 0
 238 2990 2831 5665 3200 0
 238 7635 5969 14168 3200 0
 238 8011 7902 15149 3200 0
 238 8264 9809 15920 3200 0
 246 3106 2874 5915 3200 0
 246 7755 6013 14425 3200 0
 246 8130 7947 15406 3200 0
 246 8421 9852 16241 3200 0
 246 3089 2873 5882 3200 0
 242 7629 5977 14174 3200 0
 430 8079 7955 15305 3200 0
 242 8020 7911 15187 3200 0
 242 8327 9817 16054 3200 0
 242 3017 2838 5728 3200 0
 242 7666 5977 14238 3200 0
 242 8042 7911 15219 3200 0
 242 8295 9816 15990 3200 0
 238 2990 2828 5664 3200 0
 238 7639 5967 14174 3200 0
 238 8014 7901 15155 3200 0
 238 8268 9807 15926 3200 0
 430 8385 9861 16172 3200 0
 246 3105 2878 5911 3200 0
 246 7754 6017 14422 3200 0
 246 8129 7951 15402 3200 0
 246 8420 9857 16237 3200 0
 246 3088 2877 5878 3200 0
 242 7628 5981 14171 3200 0
 242 8019 7915 15183 3200 0
 242 8326 9822 16050 3200 0
 242 3016 2842 5724 3200 0
 242 7665 5981 14235 3200 0
 430 3088 2884 5881 3200 0
 242 8040 7915 15215 3200 0
 242 8294 9821 15986 3200 0
 238 2989 2832 5660 3200 0
 238 7638 5971 14171 3200 0
 238 8013 7905 15151 3200 0
 238 8267 9812 15922 3200 0
 246 3127 2876 5957 3200 0
 242 7693 6009 14304 3200 0
 242 8069 7944 15287 3200 0
 242 8360 9850 16122 3200 0
 430 7719 6019 14354 3200 0


# name: configFiles
# type: cell
# rows: 1
# columns: 128
# name: <cell-element>
# type: sq_string
# elements: 1
# length: 45
./loops_out/loop0/out.config0.tcl/config0.tcl



# name: <cell-element>
# type: sq_string
# elements: 1
# length: 49
./loops_out/loop0/out.config100.tcl/config100.tcl



# name: <cell-element>
# type: sq_string
# elements: 1
# length: 49
./loops_out/loop0/out.config101.tcl/config101.tcl



# name: <cell-element>
# type: sq_string
# elements: 1
# length: 49
./loops_out/loop0/out.config102.tcl/config102.tcl



# name: <cell-element>
# type: sq_string
# elements: 1
# length: 49
./loops_out/loop0/out.config103.tcl/config103.tcl



# name: <cell-element>
# type: sq_string
# elements: 1
# length: 49
./loops_out/loop0/out.config104.tcl/config104.tcl



# name: <cell-element>
# type: sq_string
# elements: 1
# length: 49
./loops_out/loop0/out.config105.tcl/config105.tcl



# name: <cell-element>
# type: sq_string
# elements: 1
# length: 49
./loops_out/loop0/out.config106.tcl/config106.tcl



# name: <cell-element>
# type: sq_string
# elements: 1
# length: 49
./loops_out/loop0/out.config107.tcl/config107.tcl



# name: <cell-element>
# type: sq_string
# elements: 1
# length: 49
./loops_out/loop0/out.config108.tcl/config108.tcl



# name: <cell-element>
# type: sq_string
# elements: 1
# length: 49
./loops_out/loop0/out.config109.tcl/config109.tcl



# name: <cell-element>
# type: sq_string
# elements: 1
# length: 47
./loops_out/loop0/out.config10.tcl/config10.tcl



# name: <cell-element>
# type: sq_string
# elements: 1
# length: 49
./loops_out/loop0/out.config110.tcl/config110.tcl



# name: <cell-element>
# type: sq_string
# elements: 1
# length: 49
./loops_out/loop0/out.config111.tcl/config111.tcl



# name: <cell-element>
# type: sq_string
# elements: 1
# length: 49
./loops_out/loop0/out.config112.tcl/config112.tcl



# name: <cell-element>
# type: sq_string
# elements: 1
# length: 49
./loops_out/loop0/out.config113.tcl/config113.tcl



# name: <cell-element>
# type: sq_string
# elements: 1
# length: 49
./loops_out/loop0/out.config114.tcl/config114.tcl



# name: <cell-element>
# type: sq_string
# elements: 1
# length: 49
./loops_out/loop0/out.config115.tcl/config115.tcl



# name: <cell-element>
# type: sq_string
# elements: 1
# length: 49
./loops_out/loop0/out.config116.tcl/config116.tcl



# name: <cell-element>
# type: sq_string
# elements: 1
# length: 49
./loops_out/loop0/out.config117.tcl/config117.tcl



# name: <cell-element>
# type: sq_string
# elements: 1
# length: 49
./loops_out/loop0/out.config118.tcl/config118.tcl



# name: <cell-element>
# type: sq_string
# elements: 1
# length: 49
./loops_out/loop0/out.config119.tcl/config119.tcl



# name: <cell-element>
# type: sq_string
# elements: 1
# length: 47
./loops_out/loop0/out.config11.tcl/config11.tcl



