# Created by Octave 4.2.2, Tue Feb 05 09:02:03 2019 -02 <leandro@aBitOfHell>
# name: constraints
# type: matrix
# rows: 128
# columns: 5
 1 1 1 1 1
 1 7 2 1 1
 1 7 2 1 2
 1 7 2 1 3
 1 7 2 1 4
 1 7 3 1 1
 1 7 3 1 2
 1 7 3 1 3
 1 7 3 1 4
 1 7 4 1 1
 1 7 4 1 2
 1 1 3 1 3
 1 7 4 1 3
 1 7 4 1 4
 1 8 1 1 1
 1 8 1 1 2
 1 8 1 1 3
 1 8 1 1 4
 1 8 2 1 1
 1 8 2 1 2
 1 8 2 1 3
 1 8 2 1 4
 1 1 3 1 4
 1 8 3 1 1
 1 8 3 1 2
 1 8 3 1 3
 1 8 3 1 4
 1 8 4 1 1
 1 8 4 1 2
 1 8 4 1 3
 1 8 4 1 4
 1 1 4 1 1
 1 1 4 1 2
 1 1 4 1 3
 1 1 4 1 4
 1 2 1 1 1
 1 2 1 1 2
 1 2 1 1 3
 1 2 1 1 4
 1 1 1 1 2
 1 2 2 1 1
 1 2 2 1 2
 1 2 2 1 3
 1 2 2 1 4
 1 2 3 1 1
 1 2 3 1 2
 1 2 3 1 3
 1 2 3 1 4
 1 2 4 1 1
 1 2 4 1 2
 1 1 1 1 3
 1 2 4 1 3
 1 2 4 1 4
 1 3 1 1 1
 1 3 1 1 2
 1 3 1 1 3
 1 3 1 1 4
 1 3 2 1 1
 1 3 2 1 2
 1 3 2 1 3
 1 3 2 1 4
 1 1 1 1 4
 1 3 3 1 1
 1 3 3 1 2
 1 3 3 1 3
 1 3 3 1 4
 1 3 4 1 1
 1 3 4 1 2
 1 3 4 1 3
 1 3 4 1 4
 1 4 1 1 1
 1 4 1 1 2
 1 1 2 1 1
 1 4 1 1 3
 1 4 1 1 4
 1 4 2 1 1
 1 4 2 1 2
 1 4 2 1 3
 1 4 2 1 4
 1 4 3 1 1
 1 4 3 1 2
 1 4 3 1 3
 1 4 3 1 4
 1 1 2 1 2
 1 4 4 1 1
 1 4 4 1 2
 1 4 4 1 3
 1 4 4 1 4
 1 5 1 1 1
 1 5 1 1 2
 1 5 1 1 3
 1 5 1 1 4
 1 5 2 1 1
 1 5 2 1 2
 1 1 2 1 3
 1 5 2 1 3
 1 5 2 1 4
 1 5 3 1 1
 1 5 3 1 2
 1 5 3 1 3
 1 5 3 1 4
 1 5 4 1 1
 1 5 4 1 2
 1 5 4 1 3
 1 5 4 1 4
 1 1 2 1 4
 1 6 1 1 1
 1 6 1 1 2
 1 6 1 1 3
 1 6 1 1 4
 1 6 2 1 1
 1 6 2 1 2
 1 6 2 1 3
 1 6 2 1 4
 1 6 3 1 1
 1 6 3 1 2
 1 1 3 1 1
 1 6 3 1 3
 1 6 3 1 4
 1 6 4 1 1
 1 6 4 1 2
 1 6 4 1 3
 1 6 4 1 4
 1 7 1 1 1
 1 7 1 1 2
 1 7 1 1 3
 1 7 1 1 4
 1 1 3 1 2


# name: metrics
# type: matrix
# rows: 128
# columns: 6
 3164 2746 2803 5223 3200 0
 2884 2695 2787 5123 3200 0
 2844 6114 5549 11492 3200 0
 2844 6095 5548 11456 3200 0
 2844 6095 5548 11456 3200 0
 2884 2687 2794 5098 3200 0
 2844 6106 5556 11467 3200 0
 2844 6088 5555 11431 3200 0
 2844 6088 5555 11431 3200 0
 2884 2687 2794 5098 3200 0
 2844 6106 5556 11467 3200 0
 3044 2711 2802 5142 3200 0
 2844 6088 5555 11431 3200 0
 2844 6088 5555 11431 3200 0
 2964 2731 2793 5196 3200 0
 2924 6200 5600 11659 3200 0
 2924 6182 5601 11623 3200 0
 2924 6182 5601 11623 3200 0
 2884 2695 2787 5123 3200 0
 2844 6114 5549 11492 3200 0
 2844 6095 5548 11456 3200 0
 2844 6095 5548 11456 3200 0
 3044 2711 2802 5142 3200 0
 2884 2687 2794 5098 3200 0
 2844 6106 5556 11467 3200 0
 2844 6088 5555 11431 3200 0
 2844 6088 5555 11431 3200 0
 2884 2687 2794 5098 3200 0
 2844 6106 5556 11467 3200 0
 2844 6088 5555 11431 3200 0
 2844 6088 5555 11431 3200 0
 3084 2703 2804 5125 3200 0
 3044 6120 5562 11494 3200 0
 3044 2711 2802 5142 3200 0
 3044 2711 2802 5142 3200 0
 3044 2735 2799 5203 3200 0
 3004 6203 5605 11666 3200 0
 3004 2728 2800 5188 3200 0
 3004 2728 2800 5188 3200 0
 3124 6213 5552 11686 3200 0
 2964 2699 2793 5130 3200 0
 2924 6117 5554 11499 3200 0
 2924 2707 2794 5147 3200 0
 2924 2707 2794 5147 3200 0
 2964 2692 2800 5105 3200 0
 2924 6110 5561 11474 3200 0
 2924 2700 2801 5122 3200 0
 2924 2700 2801 5122 3200 0
 2964 2692 2800 5105 3200 0
 2924 6110 5561 11474 3200 0
 3124 2738 2801 5208 3200 0
 2924 2700 2801 5122 3200 0
 2924 2700 2801 5122 3200 0
 3004 2734 2796 5201 3200 0
 2964 6202 5602 11664 3200 0
 2964 2712 2796 5157 3200 0
 2964 2712 2796 5157 3200 0
 2924 2698 2790 5128 3200 0
 2884 6116 5551 11497 3200 0
 2884 2692 2791 5116 3200 0
 2884 2692 2791 5116 3200 0
 3124 2738 2801 5208 3200 0
 2924 2691 2797 5103 3200 0
 2884 6109 5558 11472 3200 0
 2884 2685 2797 5091 3200 0
 2884 2685 2797 5091 3200 0
 2924 2691 2797 5103 3200 0
 2884 6109 5558 11472 3200 0
 2884 2685 2797 5091 3200 0
 2884 2685 2797 5091 3200 0
 3004 2734 2797 5201 3200 0
 2964 6202 5603 11664 3200 0
 3084 2710 2797 5150 3200 0
 2964 2712 2797 5157 3200 0
 2964 2712 2797 5157 3200 0
 2924 2698 2791 5128 3200 0
 2884 6116 5552 11497 3200 0
 2884 2692 2792 5116 3200 0
 2884 2692 2792 5116 3200 0
 2924 2691 2798 5103 3200 0
 2884 6109 5559 11472 3200 0
 2884 2685 2798 5091 3200 0
 2884 2685 2798 5091 3200 0
 3044 6127 5555 11519 3200 0
 2924 2691 2798 5103 3200 0
 2884 6109 5559 11472 3200 0
 2884 2685 2798 5091 3200 0
 2884 2685 2798 5091 3200 0
 3004 2741 2798 5213 3200 0
 2964 6208 5548 11676 3200 0
 2964 2718 2795 5169 3200 0
 2964 2718 2795 5169 3200 0
 2924 2704 2792 5140 3200 0
 2884 6122 5551 11509 3200 0
 3044 2718 2795 5167 3200 0
 2884 2697 2790 5128 3200 0
 2884 2697 2790 5128 3200 0
 2924 2697 2799 5115 3200 0
 2884 6115 5558 11484 3200 0
 2884 2690 2796 5103 3200 0
 2884 2690 2796 5103 3200 0
 2924 2697 2799 5115 3200 0
 2884 6115 5558 11484 3200 0
 2884 2690 2796 5103 3200 0
 2884 2690 2796 5103 3200 0
 3044 2718 2795 5167 3200 0
 2964 2731 2793 5196 3200 0
 2924 6200 5600 11659 3200 0
 2924 6182 5601 11623 3200 0
 2924 6182 5601 11623 3200 0
 2884 2695 2787 5123 3200 0
 2844 6114 5549 11492 3200 0
 2844 6095 5548 11456 3200 0
 2844 6095 5548 11456 3200 0
 2884 2687 2794 5098 3200 0
 2844 6106 5556 11467 3200 0
 3084 2703 2804 5125 3200 0
 2844 6088 5555 11431 3200 0
 2844 6088 5555 11431 3200 0
 2884 2687 2794 5098 3200 0
 2844 6106 5556 11467 3200 0
 2844 6088 5555 11431 3200 0
 2844 6088 5555 11431 3200 0
 2964 2731 2793 5196 3200 0
 2924 6200 5600 11659 3200 0
 2924 6182 5601 11623 3200 0
 2924 6182 5601 11623 3200 0
 3044 6120 5562 11494 3200 0


# name: configFiles
# type: cell
# rows: 1
# columns: 128
# name: <cell-element>
# type: sq_string
# elements: 1
# length: 45
./loops_out/loop0/out.config0.tcl/config0.tcl



# name: <cell-element>
# type: sq_string
# elements: 1
# length: 49
./loops_out/loop0/out.config100.tcl/config100.tcl



# name: <cell-element>
# type: sq_string
# elements: 1
# length: 49
./loops_out/loop0/out.config101.tcl/config101.tcl



# name: <cell-element>
# type: sq_string
# elements: 1
# length: 49
./loops_out/loop0/out.config102.tcl/config102.tcl



# name: <cell-element>
# type: sq_string
# elements: 1
# length: 49
./loops_out/loop0/out.config103.tcl/config103.tcl



# name: <cell-element>
# type: sq_string
# elements: 1
# length: 49
./loops_out/loop0/out.config104.tcl/config104.tcl



# name: <cell-element>
# type: sq_string
# elements: 1
# length: 49
./loops_out/loop0/out.config105.tcl/config105.tcl



# name: <cell-element>
# type: sq_string
# elements: 1
# length: 49
./loops_out/loop0/out.config106.tcl/config106.tcl



# name: <cell-element>
# type: sq_string
# elements: 1
# length: 49
./loops_out/loop0/out.config107.tcl/config107.tcl



# name: <cell-element>
# type: sq_string
# elements: 1
# length: 49
./loops_out/loop0/out.config108.tcl/config108.tcl



# name: <cell-element>
# type: sq_string
# elements: 1
# length: 49
./loops_out/loop0/out.config109.tcl/config109.tcl



# name: <cell-element>
# type: sq_string
# elements: 1
# length: 47
./loops_out/loop0/out.config10.tcl/config10.tcl



# name: <cell-element>
# type: sq_string
# elements: 1
# length: 49
./loops_out/loop0/out.config110.tcl/config110.tcl



# name: <cell-element>
# type: sq_string
# elements: 1
# length: 49
./loops_out/loop0/out.config111.tcl/config111.tcl



# name: <cell-element>
# type: sq_string
# elements: 1
# length: 49
./loops_out/loop0/out.config112.tcl/config112.tcl



# name: <cell-element>
# type: sq_string
# elements: 1
# length: 49
./loops_out/loop0/out.config113.tcl/config113.tcl



# name: <cell-element>
# type: sq_string
# elements: 1
# length: 49
./loops_out/loop0/out.config114.tcl/config114.tcl



# name: <cell-element>
# type: sq_string
# elements: 1
# length: 49
./loops_out/loop0/out.config115.tcl/config115.tcl



# name: <cell-element>
# type: sq_string
# elements: 1
# length: 49
./loops_out/loop0/out.config116.tcl/config116.tcl



# name: <cell-element>
# type: sq_string
# elements: 1
# length: 49
./loops_out/loop0/out.config117.tcl/config117.tcl



# name: <cell-element>
# type: sq_string
# elements: 1
# length: 49
./loops_out/loop0/out.config118.tcl/config118.tcl



# name: <cell-element>
# type: sq_string
# elements: 1
# length: 49
./loops_out/loop0/out.config119.tcl/config119.tcl



